4.43817523747,7,7
4.43817523747,7,7
4.43817523747,7,7
4.43817523747,7,7
4.43817523747,7,7
4.43817523747,7,7
4.43817523747,7,7
4.43817523747,7,7
4.43817523747,7,7
4.43817523747,7,7
4.43817523747,7,7
4.43817523747,7,7
4.43817523747,7,7
4.43817523747,7,7
4.43817523747,7,7
4.43817523747,7,7
4.43817523747,7,7
4.43817523747,7,7
4.43817523747,7,7
4.43817523747,7,7
4.43817523747,7,7
4.43817523747,7,7
4.43817523747,7,7
4.43817523747,7,7
4.43817523747,7,7
4.43817523747,7,7
3.27937122628,7,6
4.43817523747,7,7
4.43817523747,7,7
4.43817523747,7,7
4.43817523747,7,7
4.43817523747,7,7
4.43817523747,7,7
4.43817523747,7,7
4.43817523747,7,7
4.43817523747,7,7
4.43817523747,7,7
4.43817523747,7,7
4.43817523747,7,7
4.43817523747,7,7
4.43817523747,7,7
4.43817523747,7,7
4.43817523747,7,7
4.43817523747,7,7
4.43817523747,7,7
4.43817523747,7,7
4.43817523747,7,7
4.43817523747,7,7
4.43817523747,7,7
4.43817523747,7,7
4.43817523747,7,7
4.43817523747,7,7
4.43817523747,7,7
4.43817523747,7,7
4.43817523747,7,7
4.43817523747,7,7
4.43817523747,7,7
4.43817523747,7,7
4.43817523747,7,7
4.43817523747,7,7
4.43817523747,7,7
4.43817523747,7,7
4.43817523747,7,7
4.43817523747,7,7
4.43817523747,7,7
4.43817523747,7,7
4.43817523747,7,7
4.43817523747,7,7
4.43817523747,7,7
4.43817523747,7,7
4.43817523747,7,7
4.43817523747,7,7
4.43817523747,7,7
4.43817523747,7,7
4.43817523747,7,7
4.43817523747,7,7
4.43817523747,7,7
4.43817523747,7,7
4.43817523747,7,7
4.43817523747,7,7
4.43817523747,7,7
4.43817523747,7,7
4.43817523747,7,7
4.43817523747,7,7
4.43817523747,7,7
4.43817523747,7,7
4.43817523747,7,7
4.43817523747,7,7
4.43817523747,7,7
4.43817523747,7,7
4.43817523747,7,7
4.43817523747,7,7
4.43817523747,7,7
4.43817523747,7,7
4.43817523747,7,7
4.43817523747,7,7
4.43817523747,7,7
4.43817523747,7,7
4.43817523747,7,7
4.43817523747,7,7
3.27937122628,7,6
4.43817523747,7,7
4.43817523747,7,7
4.43817523747,7,7
4.43817523747,7,7
4.43817523747,7,7
4.43817523747,7,7
4.43817523747,7,7
4.43817523747,7,7
4.43817523747,7,7
4.43817523747,7,7
4.43817523747,7,7
4.43817523747,7,7
4.43817523747,7,7
4.43817523747,7,7
4.43817523747,7,7
4.43817523747,7,7
4.43817523747,7,7
4.43817523747,7,7
4.43817523747,7,7
4.43817523747,7,7
4.43817523747,7,7
4.43817523747,7,7
4.43817523747,7,7
4.43817523747,7,7
4.43817523747,7,7
4.43817523747,7,7
4.43817523747,7,7
4.43817523747,7,7
4.43817523747,7,7
4.43817523747,7,7
4.43817523747,7,7
4.43817523747,7,7
4.43817523747,7,7
4.43817523747,7,7
4.43817523747,7,7
4.43817523747,7,7
4.45779331405,8,8
4.45779331405,8,8
4.45779331405,8,8
4.45779331405,8,8
4.45779331405,8,8
4.45779331405,8,8
4.45779331405,8,8
4.45779331405,8,8
4.45779331405,8,8
4.45779331405,8,8
4.45779331405,8,8
4.45779331405,8,8
4.45779331405,8,8
4.45779331405,8,8
4.45779331405,8,8
4.45779331405,8,8
4.45779331405,8,8
4.45779331405,8,8
4.45779331405,8,8
4.45779331405,8,8
4.45779331405,8,8
4.45779331405,8,8
4.45779331405,8,8
4.45779331405,8,8
4.45779331405,8,8
4.45779331405,8,8
4.45779331405,8,8
4.45779331405,8,8
4.45779331405,8,8
4.45779331405,8,8
3.44383980426,8,7
3.44383980426,8,7
4.45779331405,8,8
4.45779331405,8,8
3.44383980426,8,7
3.44383980426,8,7
3.44383980426,8,7
4.45779331405,8,8
4.45779331405,8,8
4.45779331405,8,8
4.45779331405,8,8
2.29753442007,8,6
2.29753442007,8,6
2.29753442007,8,6
2.29753442007,8,6
2.29753442007,8,6
2.29753442007,8,6
2.78467678451,8,6
2.29753442007,8,6
4.53729815073,19,19
4.11037035714,19,18
3.38534350321,19,16
3.38534350321,19,16
3.38534350321,19,16
3.38534350321,19,16
3.38534350321,19,16
3.38534350321,19,16
3.38534350321,19,16
3.14402926266,19,16
3.62771545853,19,17
4.11037035714,19,18
3.38534350321,19,16
3.62771545853,19,17
4.11037035714,19,18
3.14402926266,19,16
3.38534350321,19,16
3.38534350321,19,16
3.38534350321,19,16
3.38534350321,19,16
3.38534350321,19,16
3.62771545853,19,17
4.11037035714,19,18
3.14402926266,19,16
3.38534350321,19,16
4.11037035714,19,18
3.38534350321,19,16
3.62771545853,19,17
3.38534350321,19,16
3.38534350321,19,16
3.62771545853,19,17
4.11037035714,19,18
4.11037035714,19,18
3.14402926266,19,16
3.38534350321,19,16
3.62771545853,19,17
4.53729815073,19,19
4.53729815073,19,19
4.11037035714,19,18
4.53729815073,19,19
3.38534350321,19,16
3.14402926266,19,16
3.62771545853,19,17
3.62771545853,19,17
3.38534350321,19,16
3.14402926266,19,16
3.38534350321,19,16
3.38534350321,19,16
4.11037035714,19,18
3.14402926266,19,16
3.38534350321,19,16
3.10754525565,19,15
3.62771545853,19,17
4.11037035714,19,18
3.83282803303,19,17
2.902175534,19,15
2.902175534,19,15
3.38534350321,19,16
3.14402926266,19,16
2.902175534,19,15
3.14297670448,19,15
4.11037035714,19,18
4.11037035714,19,18
4.11037035714,19,18
4.11037035714,19,18
4.11037035714,19,18
4.11037035714,19,18
4.11037035714,19,18
4.11037035714,19,18
4.53729815073,19,19
4.53729815073,19,19
3.83282803303,19,17
3.83282803303,19,17
3.83282803303,19,17
4.11037035714,19,18
4.11037035714,19,18
3.83282803303,19,17
3.83282803303,19,17
3.62771545853,19,17
3.62771545853,19,17
3.83282803303,19,17
3.83282803303,19,17
3.62771545853,19,17
4.11037035714,19,18
4.53729815073,19,19
4.53729815073,19,19
4.53729815073,19,19
4.11037035714,19,18
3.83282803303,19,17
3.83282803303,19,17
4.11037035714,19,18
4.53729815073,19,19
4.11037035714,19,18
3.83282803303,19,17
3.62771545853,19,17
3.83282803303,19,17
3.83282803303,19,17
4.11037035714,19,18
3.62771545853,19,17
3.14402926266,19,16
4.11037035714,19,18
3.62771545853,19,17
3.38534350321,19,16
3.56990449807,19,16
3.38534350321,19,16
3.14402926266,19,16
3.38534350321,19,16
3.14402926266,19,16
4.11037035714,19,18
3.62771545853,19,17
3.38534350321,19,16
4.11037035714,19,18
3.62771545853,19,17
3.14402926266,19,16
3.38534350321,19,16
3.38534350321,19,16
3.38534350321,19,16
3.38534350321,19,16
3.38534350321,19,16
3.38534350321,19,16
3.38534350321,19,16
4.11037035714,19,18
4.53729815073,19,19
4.53729815073,19,19
4.11037035714,19,18
4.11037035714,19,18
2.17663571847,19,14
2.902175534,19,15
3.83282803303,19,17
2.41848407686,19,14
2.65980352607,19,14
3.14402926266,19,16
4.53729815073,19,19
4.11037035714,19,18
3.62771545853,19,17
3.14402926266,19,16
2.29753442007,8,6
2.29753442007,8,6
2.29753442007,8,6
2.29753442007,8,6
4.45779331405,8,8
4.45779331405,8,8
2.29753442007,8,6
2.29753442007,8,6
2.29753442007,8,6
2.29753442007,8,6
2.29753442007,8,6
2.29753442007,8,6
3.44383980426,8,7
4.45779331405,8,8
4.45779331405,8,8
3.44383980426,8,7
3.44383980426,8,7
3.44383980426,8,7
4.45779331405,8,8
4.45779331405,8,8
3.44383980426,8,7
3.44383980426,8,7
3.44383980426,8,7
3.44383980426,8,7
3.44383980426,8,7
4.45779331405,8,8
3.44383980426,8,7
3.44383980426,8,7
3.44383980426,8,7
4.45779331405,8,8
3.44383980426,8,7
3.44383980426,8,7
3.44383980426,8,7
4.45779331405,8,8
3.44383980426,8,7
4.45779331405,8,8
3.44383980426,8,7
4.45779331405,8,8
3.44383980426,8,7
2.78467678451,8,6
2.29753442007,8,6
4.45779331405,8,8
3.44383980426,8,7
2.78467678451,8,6
2.78467678451,8,6
2.78467678451,8,6
2.78467678451,8,6
2.78467678451,8,6
3.44383980426,8,7
2.78467678451,8,6
2.29753442007,8,6
4.45779331405,8,8
2.78467678451,8,6
2.78467678451,8,6
2.78467678451,8,6
2.29753442007,8,6
2.78467678451,8,6
3.44383980426,8,7
2.78467678451,8,6
4.45779331405,8,8
2.78467678451,8,6
2.78467678451,8,6
3.44383980426,8,7
2.78467678451,8,6
2.29753442007,8,6
3.44383980426,8,7
2.29753442007,8,6
2.29753442007,8,6
2.29753442007,8,6
2.29753442007,8,6
2.78467678451,8,6
2.78467678451,8,6
3.44383980426,8,7
3.44383980426,8,7
4.45779331405,8,8
4.45779331405,8,8
3.44383980426,8,7
2.29753442007,8,6
4.45779331405,8,8
2.78467678451,8,6
2.78467678451,8,6
2.29753442007,8,6
3.44383980426,8,7
3.44383980426,8,7
4.45779331405,8,8
4.45779331405,8,8
3.44383980426,8,7
4.56832442846,41,41
4.56832442846,41,41
4.56832442846,41,41
4.56832442846,41,41
4.56832442846,41,41
4.56832442846,41,41
4.37047984118,41,40
4.56832442846,41,41
4.37047984118,41,40
4.56832442846,41,41
4.56832442846,41,41
4.56832442846,41,41
4.37047984118,41,40
4.56832442846,41,41
4.56832442846,41,41
4.37047984118,41,40
4.37047984118,41,40
4.37047984118,41,40
4.37047984118,41,40
4.37047984118,41,40
4.56832442846,41,41
4.37047984118,41,40
4.37047984118,41,40
4.56832442846,41,41
4.37047984118,41,40
4.37047984118,41,40
4.37047984118,41,40
4.37047984118,41,40
4.37047984118,41,40
4.56832442846,41,41
4.56832442846,41,41
4.37047984118,41,40
4.37047984118,41,40
4.37047984118,41,40
4.37047984118,41,40
4.56832442846,41,41
4.56832442846,41,41
4.56832442846,41,41
4.37047984118,41,40
4.37047984118,41,40
4.37047984118,41,40
4.37047984118,41,40
4.37047984118,41,40
4.2418626666,41,39
4.2418626666,41,39
4.14681049793,41,39
4.37047984118,41,40
4.2418626666,41,39
4.2418626666,41,39
4.2418626666,41,39
4.14681049793,41,39
4.56832442846,41,41
4.37047984118,41,40
4.2418626666,41,39
4.2418626666,41,39
4.2418626666,41,39
4.37047984118,41,40
4.37047984118,41,40
4.2418626666,41,39
4.2418626666,41,39
4.2418626666,41,39
4.14681049793,41,39
4.37047984118,41,40
4.37047984118,41,40
4.37047984118,41,40
4.37047984118,41,40
4.37047984118,41,40
4.37047984118,41,40
4.37047984118,41,40
4.37047984118,41,40
4.56832442846,41,41
4.56832442846,41,41
4.37047984118,41,40
4.37047984118,41,40
4.37047984118,41,40
4.37047984118,41,40
4.56832442846,41,41
4.37047984118,41,40
4.37047984118,41,40
4.37047984118,41,40
4.2418626666,41,39
4.14681049793,41,39
4.37047984118,41,40
4.14681049793,41,39
4.37047984118,41,40
4.56832442846,41,41
4.56832442846,41,41
4.37047984118,41,40
4.14681049793,41,39
4.14681049793,41,39
4.2418626666,41,39
4.37047984118,41,40
4.37047984118,41,40
4.37047984118,41,40
4.37047984118,41,40
4.2418626666,41,39
4.2418626666,41,39
4.2418626666,41,39
4.2418626666,41,39
4.56832442846,41,41
4.14681049793,41,39
4.2418626666,41,39
4.37047984118,41,40
4.2418626666,41,39
4.14681049793,41,39
4.37047984118,41,40
4.2418626666,41,39
4.2418626666,41,39
3.92266323643,41,38
4.2418626666,41,39
4.03449178693,41,38
4.03449178693,41,38
4.2418626666,41,39
4.37047984118,41,40
3.92217546556,41,37
4.03449178693,41,38
3.90575601366,41,37
4.03449178693,41,38
4.03449178693,41,38
4.12002005284,41,38
4.12002005284,41,38
4.03449178693,41,38
4.37047984118,41,40
4.56832442846,41,41
4.56832442846,41,41
4.37047984118,41,40
4.37047984118,41,40
3.92266323643,41,38
4.2418626666,41,39
4.2418626666,41,39
4.03449178693,41,38
4.03449178693,41,38
4.37047984118,41,40
4.56832442846,41,41
4.37047984118,41,40
4.37047984118,41,40
4.03449178693,41,38
4.49524600571,11,11
4.49524600571,11,11
4.49524600571,11,11
4.49524600571,11,11
4.49524600571,11,11
4.49524600571,11,11
4.49524600571,11,11
4.49524600571,11,11
4.49524600571,11,11
4.49524600571,11,11
4.49524600571,11,11
4.49524600571,11,11
4.49524600571,11,11
4.49524600571,11,11
4.49524600571,11,11
4.49524600571,11,11
4.49524600571,11,11
4.49524600571,11,11
4.49524600571,11,11
4.49524600571,11,11
4.49524600571,11,11
4.49524600571,11,11
4.49524600571,11,11
4.49524600571,11,11
4.49524600571,11,11
4.49524600571,11,11
4.49524600571,11,11
4.49524600571,11,11
4.49524600571,11,11
4.49524600571,11,11
4.49524600571,11,11
4.49524600571,11,11
4.49524600571,11,11
4.49524600571,11,11
4.49524600571,11,11
4.49524600571,11,11
4.49524600571,11,11
4.49524600571,11,11
4.49524600571,11,11
4.49524600571,11,11
4.49524600571,11,11
4.49524600571,11,11
4.49524600571,11,11
4.49524600571,11,11
4.49524600571,11,11
4.49524600571,11,11
4.49524600571,11,11
4.49524600571,11,11
4.49524600571,11,11
4.49524600571,11,11
4.49524600571,11,11
4.49524600571,11,11
4.49524600571,11,11
4.49524600571,11,11
4.49524600571,11,11
4.49524600571,11,11
4.49524600571,11,11
4.49524600571,11,11
4.49524600571,11,11
4.49524600571,11,11
4.49524600571,11,11
4.49524600571,11,11
4.49524600571,11,11
4.49524600571,11,11
4.49524600571,11,11
4.49524600571,11,11
4.49524600571,11,11
4.49524600571,11,11
4.49524600571,11,11
4.49524600571,11,11
4.49524600571,11,11
4.49524600571,11,11
4.49524600571,11,11
4.49524600571,11,11
4.49524600571,11,11
4.49524600571,11,11
4.49524600571,11,11
4.49524600571,11,11
4.49524600571,11,11
4.49524600571,11,11
4.49524600571,11,11
4.49524600571,11,11
4.49524600571,11,11
4.49524600571,11,11
4.49524600571,11,11
4.49524600571,11,11
4.49524600571,11,11
4.49524600571,11,11
4.49524600571,11,11
4.49524600571,11,11
4.49524600571,11,11
4.49524600571,11,11
4.49524600571,11,11
4.49524600571,11,11
4.49524600571,11,11
4.49524600571,11,11
4.49524600571,11,11
3.75782527132,11,10
4.49524600571,11,11
3.75782527132,11,10
4.49524600571,11,11
4.49524600571,11,11
4.49524600571,11,11
4.49524600571,11,11
4.49524600571,11,11
4.49524600571,11,11
4.49524600571,11,11
4.49524600571,11,11
3.75782527132,11,10
4.49524600571,11,11
4.49524600571,11,11
2.92414862827,11,9
4.49524600571,11,11
3.75782527132,11,10
3.27843398423,11,9
4.49524600571,11,11
2.08869065359,11,8
4.49524600571,11,11
4.49524600571,11,11
2.92414862827,11,9
2.92414862827,11,9
3.75782527132,11,10
2.92414862827,11,9
3.75782527132,11,10
2.92414862827,11,9
2.08869065359,11,8
2.92414862827,11,9
2.92414862827,11,9
4.49524600571,11,11
4.49524600571,11,11
4.49524600571,11,11
4.49524600571,11,11
4.49524600571,11,11
4.49524600571,11,11
4.49524600571,11,11
4.49524600571,11,11
4.49524600571,11,11
4.48525862127,10,10
4.48525862127,10,10
4.48525862127,10,10
4.48525862127,10,10
4.48525862127,10,10
4.48525862127,10,10
4.48525862127,10,10
4.48525862127,10,10
4.48525862127,10,10
4.48525862127,10,10
4.48525862127,10,10
4.48525862127,10,10
4.48525862127,10,10
4.48525862127,10,10
4.48525862127,10,10
4.48525862127,10,10
4.48525862127,10,10
4.48525862127,10,10
4.48525862127,10,10
4.48525862127,10,10
4.48525862127,10,10
3.67409581344,10,9
4.48525862127,10,10
4.48525862127,10,10
4.48525862127,10,10
4.48525862127,10,10
4.48525862127,10,10
4.48525862127,10,10
4.48525862127,10,10
4.48525862127,10,10
4.48525862127,10,10
4.48525862127,10,10
4.48525862127,10,10
4.48525862127,10,10
4.48525862127,10,10
4.48525862127,10,10
4.48525862127,10,10
4.48525862127,10,10
4.48525862127,10,10
4.48525862127,10,10
4.48525862127,10,10
4.48525862127,10,10
4.48525862127,10,10
4.48525862127,10,10
4.48525862127,10,10
4.48525862127,10,10
4.48525862127,10,10
4.48525862127,10,10
4.48525862127,10,10
4.48525862127,10,10
4.48525862127,10,10
4.48525862127,10,10
4.48525862127,10,10
4.48525862127,10,10
4.48525862127,10,10
4.48525862127,10,10
4.48525862127,10,10
4.48525862127,10,10
4.48525862127,10,10
4.48525862127,10,10
4.48525862127,10,10
4.48525862127,10,10
3.67409581344,10,9
4.48525862127,10,10
4.48525862127,10,10
4.48525862127,10,10
4.48525862127,10,10
4.48525862127,10,10
4.48525862127,10,10
4.48525862127,10,10
4.48525862127,10,10
4.48525862127,10,10
4.48525862127,10,10
4.48525862127,10,10
4.48525862127,10,10
4.48525862127,10,10
4.48525862127,10,10
4.48525862127,10,10
4.48525862127,10,10
4.48525862127,10,10
4.48525862127,10,10
4.48525862127,10,10
4.48525862127,10,10
4.48525862127,10,10
4.48525862127,10,10
4.48525862127,10,10
4.48525862127,10,10
4.48525862127,10,10
4.48525862127,10,10
4.48525862127,10,10
4.48525862127,10,10
4.48525862127,10,10
4.48525862127,10,10
4.48525862127,10,10
4.48525862127,10,10
4.48525862127,10,10
4.48525862127,10,10
4.48525862127,10,10
4.48525862127,10,10
4.48525862127,10,10
4.48525862127,10,10
4.48525862127,10,10
4.48525862127,10,10
4.48525862127,10,10
4.48525862127,10,10
4.48525862127,10,10
4.48525862127,10,10
4.48525862127,10,10
4.48525862127,10,10
4.48525862127,10,10
4.48525862127,10,10
4.48525862127,10,10
4.48525862127,10,10
4.48525862127,10,10
4.48525862127,10,10
4.48525862127,10,10
4.48525862127,10,10
4.48525862127,10,10
4.48525862127,10,10
4.48525862127,10,10
4.48525862127,10,10
4.48525862127,10,10
4.48525862127,10,10
4.48525862127,10,10
4.48525862127,10,10
4.48525862127,10,10
4.48525862127,10,10
4.48525862127,10,10
4.48525862127,10,10
4.48525862127,10,10
4.48525862127,10,10
4.48525862127,10,10
4.48525862127,10,10
4.48525862127,10,10
4.48525862127,10,10
4.48525862127,10,10
4.48525862127,10,10
4.52187903089,15,15
4.52187903089,15,15
4.52187903089,15,15
4.52187903089,15,15
4.52187903089,15,15
4.52187903089,15,15
4.52187903089,15,15
4.52187903089,15,15
4.52187903089,15,15
4.52187903089,15,15
4.52187903089,15,15
4.52187903089,15,15
4.52187903089,15,15
4.52187903089,15,15
4.52187903089,15,15
3.3697409541,15,13
3.3697409541,15,13
3.3697409541,15,13
3.3697409541,15,13
3.3697409541,15,13
3.3697409541,15,13
3.3697409541,15,13
4.52187903089,15,15
3.3697409541,15,13
3.3697409541,15,13
4.52187903089,15,15
3.3697409541,15,13
3.3697409541,15,13
3.3697409541,15,13
3.3697409541,15,13
3.3697409541,15,13
4.52187903089,15,15
4.52187903089,15,15
3.3697409541,15,13
3.3697409541,15,13
3.3697409541,15,13
4.52187903089,15,15
4.52187903089,15,15
4.52187903089,15,15
4.52187903089,15,15
3.06273647737,15,12
3.3697409541,15,13
3.3697409541,15,13
3.3697409541,15,13
3.3697409541,15,13
3.3697409541,15,13
3.3697409541,15,13
3.3697409541,15,13
4.52187903089,15,15
3.3697409541,15,13
3.3697409541,15,13
3.3697409541,15,13
3.3697409541,15,13
4.52187903089,15,15
4.52187903089,15,15
3.3697409541,15,13
3.3697409541,15,13
3.3697409541,15,13
2.75707177267,15,12
2.75707177267,15,12
2.75707177267,15,12
2.75707177267,15,12
3.98110382567,15,14
3.98110382567,15,14
3.98110382567,15,14
3.98110382567,15,14
3.98110382567,15,14
4.52187903089,15,15
4.52187903089,15,15
4.52187903089,15,15
4.52187903089,15,15
4.52187903089,15,15
4.52187903089,15,15
4.52187903089,15,15
4.52187903089,15,15
4.52187903089,15,15
4.52187903089,15,15
4.52187903089,15,15
4.52187903089,15,15
4.52187903089,15,15
4.52187903089,15,15
4.52187903089,15,15
4.52187903089,15,15
4.52187903089,15,15
3.98110382567,15,14
4.52187903089,15,15
4.52187903089,15,15
4.52187903089,15,15
4.52187903089,15,15
4.52187903089,15,15
4.52187903089,15,15
4.52187903089,15,15
4.52187903089,15,15
4.52187903089,15,15
4.52187903089,15,15
4.52187903089,15,15
4.52187903089,15,15
4.52187903089,15,15
4.52187903089,15,15
4.52187903089,15,15
4.52187903089,15,15
4.52187903089,15,15
4.52187903089,15,15
4.52187903089,15,15
4.52187903089,15,15
4.52187903089,15,15
4.52187903089,15,15
4.52187903089,15,15
4.52187903089,15,15
4.52187903089,15,15
3.3697409541,15,13
3.3697409541,15,13
4.52187903089,15,15
3.3697409541,15,13
3.3697409541,15,13
3.3697409541,15,13
3.3697409541,15,13
3.3697409541,15,13
3.3697409541,15,13
3.3697409541,15,13
3.3697409541,15,13
3.3697409541,15,13
4.52187903089,15,15
4.52187903089,15,15
4.52187903089,15,15
4.52187903089,15,15
3.3697409541,15,13
3.3697409541,15,13
4.52187903089,15,15
3.3697409541,15,13
3.3697409541,15,13
3.3697409541,15,13
4.52187903089,15,15
4.52187903089,15,15
4.52187903089,15,15
4.52187903089,15,15
3.3697409541,15,13
4.48525862127,10,10
4.48525862127,10,10
4.48525862127,10,10
4.48525862127,10,10
4.48525862127,10,10
4.48525862127,10,10
4.48525862127,10,10
4.48525862127,10,10
4.48525862127,10,10
4.48525862127,10,10
4.48525862127,10,10
4.48525862127,10,10
4.48525862127,10,10
4.48525862127,10,10
4.48525862127,10,10
4.48525862127,10,10
4.48525862127,10,10
4.48525862127,10,10
4.48525862127,10,10
4.48525862127,10,10
4.48525862127,10,10
4.48525862127,10,10
4.48525862127,10,10
4.48525862127,10,10
4.48525862127,10,10
4.48525862127,10,10
4.48525862127,10,10
4.48525862127,10,10
4.48525862127,10,10
4.48525862127,10,10
4.48525862127,10,10
4.48525862127,10,10
4.48525862127,10,10
4.48525862127,10,10
4.48525862127,10,10
4.48525862127,10,10
4.48525862127,10,10
4.48525862127,10,10
4.48525862127,10,10
4.48525862127,10,10
4.48525862127,10,10
4.48525862127,10,10
4.48525862127,10,10
4.48525862127,10,10
4.48525862127,10,10
4.48525862127,10,10
4.48525862127,10,10
4.48525862127,10,10
4.48525862127,10,10
4.48525862127,10,10
4.48525862127,10,10
4.48525862127,10,10
4.48525862127,10,10
4.48525862127,10,10
4.48525862127,10,10
4.48525862127,10,10
4.48525862127,10,10
4.48525862127,10,10
4.48525862127,10,10
3.67409581344,10,9
3.67409581344,10,9
2.75705150608,10,8
4.48525862127,10,10
3.67409581344,10,9
3.67409581344,10,9
3.67409581344,10,9
3.67409581344,10,9
3.67409581344,10,9
3.67409581344,10,9
4.48525862127,10,10
4.48525862127,10,10
3.67409581344,10,9
3.67409581344,10,9
3.67409581344,10,9
3.67409581344,10,9
4.48525862127,10,10
3.67409581344,10,9
3.67409581344,10,9
3.67409581344,10,9
3.67409581344,10,9
3.67409581344,10,9
3.67409581344,10,9
3.67409581344,10,9
3.67409581344,10,9
4.48525862127,10,10
4.48525862127,10,10
4.48525862127,10,10
4.48525862127,10,10
3.67409581344,10,9
3.67409581344,10,9
3.67409581344,10,9
4.48525862127,10,10
4.48525862127,10,10
3.67409581344,10,9
3.67409581344,10,9
3.67409581344,10,9
3.67409581344,10,9
3.67409581344,10,9
4.48525862127,10,10
3.67409581344,10,9
3.67409581344,10,9
4.48525862127,10,10
3.67409581344,10,9
3.67409581344,10,9
3.67409581344,10,9
3.67409581344,10,9
3.67409581344,10,9
3.67409581344,10,9
3.67409581344,10,9
4.48525862127,10,10
3.14676539764,10,8
3.67409581344,10,9
4.48525862127,10,10
3.67409581344,10,9
3.67409581344,10,9
3.67409581344,10,9
3.67409581344,10,9
3.67409581344,10,9
3.67409581344,10,9
3.67409581344,10,9
3.67409581344,10,9
3.67409581344,10,9
4.48525862127,10,10
4.48525862127,10,10
4.48525862127,10,10
4.48525862127,10,10
3.67409581344,10,9
3.67409581344,10,9
4.48525862127,10,10
3.67409581344,10,9
3.67409581344,10,9
3.67409581344,10,9
4.48525862127,10,10
3.67409581344,10,9
3.67409581344,10,9
3.67409581344,10,9
3.67409581344,10,9
4.562807724,34,34
4.562807724,34,34
4.562807724,34,34
4.562807724,34,34
4.562807724,34,34
4.562807724,34,34
4.562807724,34,34
4.562807724,34,34
4.562807724,34,34
4.562807724,34,34
4.562807724,34,34
4.562807724,34,34
4.562807724,34,34
4.562807724,34,34
4.562807724,34,34
4.562807724,34,34
4.562807724,34,34
4.562807724,34,34
4.562807724,34,34
4.562807724,34,34
4.562807724,34,34
4.562807724,34,34
4.562807724,34,34
4.562807724,34,34
4.562807724,34,34
4.562807724,34,34
4.562807724,34,34
4.562807724,34,34
4.562807724,34,34
4.562807724,34,34
4.562807724,34,34
4.562807724,34,34
4.562807724,34,34
4.562807724,34,34
4.562807724,34,34
4.562807724,34,34
4.562807724,34,34
4.562807724,34,34
4.562807724,34,34
4.562807724,34,34
4.562807724,34,34
4.562807724,34,34
4.562807724,34,34
4.562807724,34,34
4.562807724,34,34
4.562807724,34,34
4.562807724,34,34
4.562807724,34,34
4.562807724,34,34
4.562807724,34,34
4.562807724,34,34
4.562807724,34,34
4.562807724,34,34
4.562807724,34,34
4.562807724,34,34
4.562807724,34,34
4.562807724,34,34
4.562807724,34,34
4.562807724,34,34
4.562807724,34,34
4.562807724,34,34
4.562807724,34,34
3.51361955139,34,29
3.24361401185,34,29
3.51361955139,34,29
3.51390917834,34,29
3.51361955139,34,29
3.51390917834,34,29
3.37876456507,34,29
3.64906273229,34,30
4.32423042758,34,33
4.32423042758,34,33
3.37876456507,34,29
3.5139151789,34,30
3.64906273229,34,30
3.64906273229,34,30
4.562807724,34,34
3.51361955139,34,29
3.78421628655,34,31
3.51361955139,34,29
3.24361401185,34,29
3.24361401185,34,29
3.51361955139,34,29
3.51361955139,34,29
3.64906273229,34,30
4.32423042758,34,33
4.16913324646,34,32
4.16913324646,34,32
4.16913324646,34,32
3.24361401185,34,29
3.37876456507,34,29
3.24361401185,34,29
4.562807724,34,34
4.16913324646,34,32
3.10846039698,34,27
2.70301167655,34,27
2.9733128442,34,28
3.37876456507,34,29
3.37876456507,34,29
4.16913324646,34,32
3.10846039698,34,27
2.83786369153,34,25
3.76382816498,34,30
2.81777556344,34,25
2.70301167654,34,26
2.56786109241,34,25
2.83786369153,34,25
2.43271047858,34,24
2.29755992476,34,24
2.56786106241,34,25
2.70301167624,34,26
1.35150583827,34,19
1.21635525445,34,21
2.97301721608,34,26
1.89181257547,34,21
1.48665342136,34,19
2.02725875741,34,23
1.62180700593,34,22
1.89210817358,34,22
2.00687207563,34,21
2.026963159,34,21
0.946054086792,34,19
2.0272587271,34,22
2.43241488077,34,23
2.56785806167,34,24
2.56786109241,34,25
2.16211374312,34,22
0.675752919137,34,17
2.27717322813,34,22
2.16211374312,34,22
1.4866564221,34,20
1.21635525444,34,18
1.75665902091,34,19
2.97330684303,34,26
3.08792857584,34,26
2.97331281389,34,27
0.270301167655,34,14
4.52645658209,16,16
4.52645658209,16,16
4.52645658209,16,16
4.0194798272,16,15
4.0194798272,16,15
3.4463271351,16,14
2.87194977751,16,13
3.4463271351,16,14
3.4463271351,16,14
3.4463271351,16,14
4.52645658209,16,16
3.4463271351,16,14
3.4463271351,16,14
4.52645658209,16,16
3.4463271351,16,14
3.4463271351,16,14
3.4463271351,16,14
3.4463271351,16,14
3.4463271351,16,14
3.4463271351,16,14
3.4463271351,16,14
4.52645658209,16,16
3.4463271351,16,14
3.4463271351,16,14
4.52645658209,16,16
3.4463271351,16,14
3.4463271351,16,14
3.4463271351,16,14
3.4463271351,16,14
3.4463271351,16,14
4.52645658209,16,16
4.52645658209,16,16
3.4463271351,16,14
3.4463271351,16,14
3.4463271351,16,14
4.52645658209,16,16
4.52645658209,16,16
4.52645658209,16,16
4.52645658209,16,16
3.4463271351,16,14
3.4463271351,16,14
3.4463271351,16,14
3.4463271351,16,14
3.4463271351,16,14
3.4463271351,16,14
3.4463271351,16,14
3.4463271351,16,14
4.52645658209,16,16
3.4463271351,16,14
3.4463271351,16,14
3.4463271351,16,14
3.4463271351,16,14
4.52645658209,16,16
4.52645658209,16,16
3.4463271351,16,14
3.4463271351,16,14
3.4463271351,16,14
3.4463271351,16,14
3.4463271351,16,14
3.4463271351,16,14
3.68989831732,16,14
3.68989831732,16,14
4.0194798272,16,15
4.0194798272,16,15
4.0194798272,16,15
4.0194798272,16,15
4.0194798272,16,15
4.0194798272,16,15
4.0194798272,16,15
4.52645658209,16,16
4.52645658209,16,16
4.0194798272,16,15
4.0194798272,16,15
4.0194798272,16,15
4.0194798272,16,15
4.52645658209,16,16
4.0194798272,16,15
4.0194798272,16,15
4.0194798272,16,15
4.0194798272,16,15
4.0194798272,16,15
4.0194798272,16,15
4.0194798272,16,15
4.0194798272,16,15
4.52645658209,16,16
4.52645658209,16,16
4.52645658209,16,16
4.52645658209,16,16
4.0194798272,16,15
4.0194798272,16,15
4.0194798272,16,15
4.52645658209,16,16
4.52645658209,16,16
4.0194798272,16,15
4.0194798272,16,15
4.0194798272,16,15
4.0194798272,16,15
4.0194798272,16,15
4.52645658209,16,16
4.0194798272,16,15
4.0194798272,16,15
4.52645658209,16,16
4.0194798272,16,15
4.0194798272,16,15
4.0194798272,16,15
4.0194798272,16,15
4.0194798272,16,15
4.0194798272,16,15
4.0194798272,16,15
4.52645658209,16,16
4.0194798272,16,15
4.0194798272,16,15
4.52645658209,16,16
4.0194798272,16,15
4.0194798272,16,15
4.0194798272,16,15
4.0194798272,16,15
3.4463271351,16,14
4.0194798272,16,15
4.0194798272,16,15
3.68989831732,16,14
3.4463271351,16,14
4.52645658209,16,16
4.52645658209,16,16
4.52645658209,16,16
4.0194798272,16,15
4.0194798272,16,15
3.4463271351,16,14
4.0194798272,16,15
3.68989831732,16,14
3.68989831732,16,14
3.4463271351,16,14
4.52645658209,16,16
4.52645658209,16,16
4.52645658209,16,16
4.0194798272,16,15
4.0194798272,16,15
4.43817523747,7,7
4.43817523747,7,7
4.43817523747,7,7
4.43817523747,7,7
4.43817523747,7,7
4.43817523747,7,7
4.43817523747,7,7
3.27937122628,7,6
3.27937122628,7,6
3.27937122628,7,6
3.27937122628,7,6
3.27937122628,7,6
3.27937122628,7,6
4.43817523747,7,7
3.27937122628,7,6
3.27937122628,7,6
4.43817523747,7,7
3.27937122628,7,6
3.27937122628,7,6
3.27937122628,7,6
3.27937122628,7,6
3.27937122628,7,6
3.27937122628,7,6
3.27937122628,7,6
4.43817523747,7,7
3.27937122628,7,6
3.27937122628,7,6
4.43817523747,7,7
3.27937122628,7,6
3.27937122628,7,6
3.27937122628,7,6
3.27937122628,7,6
3.27937122628,7,6
4.43817523747,7,7
4.43817523747,7,7
3.27937122628,7,6
3.27937122628,7,6
3.27937122628,7,6
4.43817523747,7,7
4.43817523747,7,7
4.43817523747,7,7
4.43817523747,7,7
3.27937122628,7,6
3.27937122628,7,6
3.27937122628,7,6
3.27937122628,7,6
3.27937122628,7,6
3.27937122628,7,6
3.27937122628,7,6
3.27937122628,7,6
4.43817523747,7,7
3.27937122628,7,6
3.27937122628,7,6
3.27937122628,7,6
3.27937122628,7,6
4.43817523747,7,7
4.43817523747,7,7
3.27937122628,7,6
3.27937122628,7,6
3.27937122628,7,6
3.27937122628,7,6
3.27937122628,7,6
4.43817523747,7,7
4.43817523747,7,7
4.43817523747,7,7
4.43817523747,7,7
4.43817523747,7,7
4.43817523747,7,7
4.43817523747,7,7
4.43817523747,7,7
4.43817523747,7,7
4.43817523747,7,7
4.43817523747,7,7
4.43817523747,7,7
4.43817523747,7,7
4.43817523747,7,7
4.43817523747,7,7
4.43817523747,7,7
4.43817523747,7,7
4.43817523747,7,7
4.43817523747,7,7
4.43817523747,7,7
4.43817523747,7,7
4.43817523747,7,7
4.43817523747,7,7
4.43817523747,7,7
4.43817523747,7,7
4.43817523747,7,7
4.43817523747,7,7
4.43817523747,7,7
4.43817523747,7,7
4.43817523747,7,7
4.43817523747,7,7
4.43817523747,7,7
4.43817523747,7,7
4.43817523747,7,7
4.43817523747,7,7
4.43817523747,7,7
4.43817523747,7,7
4.43817523747,7,7
4.43817523747,7,7
4.43817523747,7,7
4.43817523747,7,7
4.43817523747,7,7
4.43817523747,7,7
4.43817523747,7,7
4.43817523747,7,7
4.43817523747,7,7
4.43817523747,7,7
4.43817523747,7,7
4.43817523747,7,7
4.43817523747,7,7
4.43817523747,7,7
4.43817523747,7,7
4.43817523747,7,7
4.43817523747,7,7
4.43817523747,7,7
4.43817523747,7,7
4.43817523747,7,7
3.27937122628,7,6
3.27937122628,7,6
3.27937122628,7,6
4.43817523747,7,7
4.43817523747,7,7
4.43817523747,7,7
4.43817523747,7,7
3.27937122628,7,6
3.27937122628,7,6
4.43817523747,7,7
3.27937122628,7,6
3.27937122628,7,6
3.27937122628,7,6
4.43817523747,7,7
4.43817523747,7,7
4.43817523747,7,7
4.43817523747,7,7
3.27937122628,7,6
4.43817523747,7,7
4.43817523747,7,7
4.43817523747,7,7
4.43817523747,7,7
4.43817523747,7,7
4.43817523747,7,7
4.43817523747,7,7
4.43817523747,7,7
4.43817523747,7,7
4.43817523747,7,7
4.43817523747,7,7
4.43817523747,7,7
4.43817523747,7,7
4.43817523747,7,7
4.43817523747,7,7
4.43817523747,7,7
4.43817523747,7,7
4.43817523747,7,7
4.43817523747,7,7
4.43817523747,7,7
4.43817523747,7,7
4.43817523747,7,7
4.43817523747,7,7
4.43817523747,7,7
4.43817523747,7,7
4.43817523747,7,7
4.43817523747,7,7
4.43817523747,7,7
4.43817523747,7,7
4.43817523747,7,7
4.43817523747,7,7
4.43817523747,7,7
4.43817523747,7,7
4.43817523747,7,7
4.43817523747,7,7
4.43817523747,7,7
4.43817523747,7,7
4.43817523747,7,7
4.43817523747,7,7
4.43817523747,7,7
4.43817523747,7,7
4.43817523747,7,7
4.43817523747,7,7
4.43817523747,7,7
4.43817523747,7,7
4.43817523747,7,7
4.43817523747,7,7
4.43817523747,7,7
4.43817523747,7,7
4.43817523747,7,7
4.43817523747,7,7
4.43817523747,7,7
4.43817523747,7,7
4.43817523747,7,7
4.43817523747,7,7
4.43817523747,7,7
4.43817523747,7,7
4.43817523747,7,7
4.43817523747,7,7
4.43817523747,7,7
4.43817523747,7,7
4.43817523747,7,7
4.43817523747,7,7
4.43817523747,7,7
4.43817523747,7,7
4.43817523747,7,7
4.43817523747,7,7
4.43817523747,7,7
4.43817523747,7,7
4.43817523747,7,7
4.43817523747,7,7
4.43817523747,7,7
4.43817523747,7,7
4.43817523747,7,7
4.43817523747,7,7
4.43817523747,7,7
4.43817523747,7,7
4.43817523747,7,7
4.43817523747,7,7
4.43817523747,7,7
4.43817523747,7,7
4.43817523747,7,7
4.43817523747,7,7
4.43817523747,7,7
4.43817523747,7,7
4.43817523747,7,7
4.43817523747,7,7
4.43817523747,7,7
4.43817523747,7,7
4.43817523747,7,7
4.43817523747,7,7
4.43817523747,7,7
4.43817523747,7,7
4.43817523747,7,7
4.43817523747,7,7
4.43817523747,7,7
4.43817523747,7,7
4.43817523747,7,7
4.43817523747,7,7
4.43817523747,7,7
4.43817523747,7,7
4.43817523747,7,7
4.43817523747,7,7
4.43817523747,7,7
4.43817523747,7,7
4.43817523747,7,7
4.43817523747,7,7
4.43817523747,7,7
4.43817523747,7,7
4.43817523747,7,7
4.43817523747,7,7
4.43817523747,7,7
4.43817523747,7,7
4.43817523747,7,7
4.43817523747,7,7
4.43817523747,7,7
4.43817523747,7,7
4.43817523747,7,7
4.43817523747,7,7
4.43817523747,7,7
4.43817523747,7,7
4.43817523747,7,7
4.43817523747,7,7
4.43817523747,7,7
4.43817523747,7,7
4.43817523747,7,7
4.43817523747,7,7
4.43817523747,7,7
4.43817523747,7,7
4.43817523747,7,7
4.43817523747,7,7
4.43817523747,7,7
4.43817523747,7,7
4.43817523747,7,7
4.43817523747,7,7
4.43817523747,7,7
4.43817523747,7,7
4.45779331405,8,8
4.45779331405,8,8
4.45779331405,8,8
4.45779331405,8,8
4.45779331405,8,8
4.45779331405,8,8
4.45779331405,8,8
4.45779331405,8,8
4.45779331405,8,8
4.45779331405,8,8
4.45779331405,8,8
4.45779331405,8,8
4.45779331405,8,8
4.45779331405,8,8
4.45779331405,8,8
4.45779331405,8,8
4.45779331405,8,8
4.45779331405,8,8
3.44383980426,8,7
4.45779331405,8,8
4.45779331405,8,8
4.45779331405,8,8
4.45779331405,8,8
4.45779331405,8,8
4.45779331405,8,8
4.45779331405,8,8
4.45779331405,8,8
4.45779331405,8,8
4.45779331405,8,8
4.45779331405,8,8
4.45779331405,8,8
4.45779331405,8,8
4.45779331405,8,8
4.45779331405,8,8
4.45779331405,8,8
4.45779331405,8,8
4.45779331405,8,8
4.45779331405,8,8
4.45779331405,8,8
4.45779331405,8,8
4.45779331405,8,8
4.45779331405,8,8
4.45779331405,8,8
4.45779331405,8,8
3.44383980426,8,7
3.44383980426,8,7
3.44383980426,8,7
3.44383980426,8,7
4.45779331405,8,8
3.44383980426,8,7
3.44383980426,8,7
3.44383980426,8,7
3.44383980426,8,7
4.45779331405,8,8
4.45779331405,8,8
3.44383980426,8,7
2.78467678451,8,6
3.44383980426,8,7
3.44383980426,8,7
3.44383980426,8,7
3.44383980426,8,7
2.29753442007,8,6
4.45779331405,8,8
3.44383980426,8,7
3.44383980426,8,7
3.44383980426,8,7
3.44383980426,8,7
3.44383980426,8,7
2.29753442007,8,6
4.45779331405,8,8
4.45779331405,8,8
3.44383980426,8,7
3.44383980426,8,7
3.44383980426,8,7
3.44383980426,8,7
4.45779331405,8,8
3.44383980426,8,7
3.44383980426,8,7
3.44383980426,8,7
3.44383980426,8,7
2.29753442007,8,6
2.29753442007,8,6
2.29753442007,8,6
2.29753442007,8,6
4.45779331405,8,8
4.45779331405,8,8
4.45779331405,8,8
4.45779331405,8,8
2.29753442007,8,6
2.29753442007,8,6
2.29753442007,8,6
4.45779331405,8,8
4.45779331405,8,8
2.29753442007,8,6
2.29753442007,8,6
2.29753442007,8,6
2.29753442007,8,6
2.29753442007,8,6
4.45779331405,8,8
2.29753442007,8,6
2.29753442007,8,6
4.45779331405,8,8
2.29753442007,8,6
2.29753442007,8,6
2.29753442007,8,6
2.29753442007,8,6
1.72190102619,8,5
2.29753442007,8,6
2.29753442007,8,6
4.45779331405,8,8
2.29753442007,8,6
2.29753442007,8,6
4.45779331405,8,8
2.29753442007,8,6
2.29753442007,8,6
2.29753442007,8,6
2.29753442007,8,6
2.29753442007,8,6
2.29753442007,8,6
2.29753442007,8,6
2.29753442007,8,6
2.29753442007,8,6
4.45779331405,8,8
4.45779331405,8,8
4.45779331405,8,8
4.45779331405,8,8
2.29753442007,8,6
2.29753442007,8,6
4.45779331405,8,8
2.29753442007,8,6
2.29753442007,8,6
2.29753442007,8,6
4.45779331405,8,8
4.45779331405,8,8
4.45779331405,8,8
2.29753442007,8,6
2.29753442007,8,6
4.53049559786,17,17
4.53049559786,17,17
4.53049559786,17,17
4.53049559786,17,17
4.53049559786,17,17
4.53049559786,17,17
4.53049559786,17,17
4.53049559786,17,17
4.53049559786,17,17
4.53049559786,17,17
4.53049559786,17,17
4.53049559786,17,17
4.53049559786,17,17
4.53049559786,17,17
4.53049559786,17,17
4.53049559786,17,17
4.53049559786,17,17
4.53049559786,17,17
4.53049559786,17,17
4.53049559786,17,17
4.53049559786,17,17
4.53049559786,17,17
4.53049559786,17,17
4.53049559786,17,17
4.53049559786,17,17
4.53049559786,17,17
4.53049559786,17,17
4.53049559786,17,17
4.53049559786,17,17
4.53049559786,17,17
4.53049559786,17,17
4.53049559786,17,17
4.05334100502,17,16
4.05334100502,17,16
4.05334100502,17,16
4.53049559786,17,17
4.53049559786,17,17
4.53049559786,17,17
4.53049559786,17,17
4.05334100502,17,16
4.05334100502,17,16
4.05334100502,17,16
4.05334100502,17,16
4.05334100502,17,16
4.05334100502,17,16
4.05334100502,17,16
4.05334100502,17,16
4.53049559786,17,17
4.05334100502,17,16
4.05334100502,17,16
4.05334100502,17,16
4.05334100502,17,16
4.53049559786,17,17
4.53049559786,17,17
4.05334100502,17,16
4.05334100502,17,16
4.05334100502,17,16
4.05334100502,17,16
3.74314664278,17,15
4.05334100502,17,16
4.05334100502,17,16
3.51390317716,17,15
3.74314664278,17,15
4.05334100502,17,16
4.05334100502,17,16
3.74314664278,17,15
4.05334100502,17,16
4.05334100502,17,16
4.05334100502,17,16
4.05334100502,17,16
4.53049559786,17,17
4.53049559786,17,17
4.05334100502,17,16
4.05334100502,17,16
4.05334100502,17,16
4.05334100502,17,16
4.53049559786,17,17
4.05334100502,17,16
4.05334100502,17,16
4.05334100502,17,16
4.05334100502,17,16
4.05334100502,17,16
4.05334100502,17,16
4.05334100502,17,16
4.05334100502,17,16
4.53049559786,17,17
4.53049559786,17,17
4.53049559786,17,17
4.53049559786,17,17
4.05334100502,17,16
4.05334100502,17,16
4.05334100502,17,16
4.53049559786,17,17
4.05334100502,17,16
3.74314664278,17,15
3.51390317716,17,15
3.74314664278,17,15
3.74314664278,17,15
4.05334100502,17,16
4.05334100502,17,16
3.51390317716,17,15
4.05334100502,17,16
4.05334100502,17,16
3.74314664278,17,15
3.74314664278,17,15
3.74314664278,17,15
3.51390317716,17,15
3.74314664278,17,15
3.51390317716,17,15
4.05334100502,17,16
4.05334100502,17,16
3.74314664278,17,15
4.05334100502,17,16
4.05334100502,17,16
3.51390317716,17,15
3.74314664278,17,15
3.74314664278,17,15
3.74314664278,17,15
3.74314664278,17,15
3.74314664278,17,15
3.74314664278,17,15
3.74314664278,17,15
4.05334100502,17,16
4.53049559786,17,17
4.53049559786,17,17
4.53049559786,17,17
4.05334100502,17,16
3.51390317716,17,15
4.05334100502,17,16
4.05334100502,17,16
3.74314664278,17,15
3.74314664278,17,15
4.05334100502,17,16
4.53049559786,17,17
4.53049559786,17,17
4.05334100502,17,16
4.05334100502,17,16
4.50356882608,12,12
4.50356882608,12,12
4.50356882608,12,12
4.50356882608,12,12
4.50356882608,12,12
4.50356882608,12,12
4.50356882608,12,12
4.50356882608,12,12
4.50356882608,12,12
3.82759981955,12,11
3.82759981955,12,11
3.82759981955,12,11
3.82759981955,12,11
3.82759981955,12,11
3.82759981955,12,11
3.82759981955,12,11
3.82759981955,12,11
3.82759981955,12,11
3.82759981955,12,11
3.82759981955,12,11
3.82759981955,12,11
4.50356882608,12,12
3.82759981955,12,11
3.82759981955,12,11
3.82759981955,12,11
3.82759981955,12,11
3.82759981955,12,11
3.82759981955,12,11
3.82759981955,12,11
3.82759981955,12,11
3.82759981955,12,11
3.82759981955,12,11
3.82759981955,12,11
3.82759981955,12,11
3.82759981955,12,11
3.82759981955,12,11
3.82759981955,12,11
3.82759981955,12,11
3.82759981955,12,11
3.82759981955,12,11
3.82759981955,12,11
3.82759981955,12,11
3.82759981955,12,11
3.82759981955,12,11
3.82759981955,12,11
3.82759981955,12,11
3.82759981955,12,11
3.82759981955,12,11
4.50356882608,12,12
3.82759981955,12,11
3.82759981955,12,11
3.82759981955,12,11
3.82759981955,12,11
3.82759981955,12,11
3.82759981955,12,11
4.50356882608,12,12
3.82759981955,12,11
4.50356882608,12,12
3.82759981955,12,11
3.82759981955,12,11
3.82759981955,12,11
3.82759981955,12,11
4.50356882608,12,12
3.82759981955,12,11
4.50356882608,12,12
3.82759981955,12,11
3.82759981955,12,11
3.82759981955,12,11
3.82759981955,12,11
3.82759981955,12,11
3.82759981955,12,11
4.50356882608,12,12
4.50356882608,12,12
4.50356882608,12,12
3.82759981955,12,11
3.82759981955,12,11
3.82759981955,12,11
3.82759981955,12,11
4.50356882608,12,12
3.82759981955,12,11
3.82759981955,12,11
4.50356882608,12,12
4.50356882608,12,12
3.82759981955,12,11
3.82759981955,12,11
3.82759981955,12,11
3.82759981955,12,11
4.50356882608,12,12
3.82759981955,12,11
3.82759981955,12,11
4.50356882608,12,12
4.50356882608,12,12
3.82759981955,12,11
4.50356882608,12,12
3.82759981955,12,11
3.82759981955,12,11
3.82759981955,12,11
3.82759981955,12,11
3.82759981955,12,11
3.82759981955,12,11
4.50356882608,12,12
3.82759981955,12,11
3.82759981955,12,11
3.82759981955,12,11
4.50356882608,12,12
4.50356882608,12,12
3.82759981955,12,11
4.50356882608,12,12
3.82759981955,12,11
3.82759981955,12,11
3.82759981955,12,11
4.50356882608,12,12
3.82759981955,12,11
4.50356882608,12,12
3.82759981955,12,11
4.50356882608,12,12
3.82759981955,12,11
3.82759981955,12,11
3.82759981955,12,11
3.82759981955,12,11
3.82759981955,12,11
3.82759981955,12,11
4.50356882608,12,12
3.82759981955,12,11
4.50356882608,12,12
3.82759981955,12,11
3.82759981955,12,11
3.82759981955,12,11
3.82759981955,12,11
4.50356882608,12,12
4.50356882608,12,12
3.82759981955,12,11
4.50356882608,12,12
4.50356882608,12,12
3.82759981955,12,11
3.82759981955,12,11
4.50356882608,12,12
4.48525862127,10,10
4.48525862127,10,10
4.48525862127,10,10
4.48525862127,10,10
4.48525862127,10,10
4.48525862127,10,10
4.48525862127,10,10
4.48525862127,10,10
4.48525862127,10,10
4.48525862127,10,10
4.48525862127,10,10
3.67409581344,10,9
4.48525862127,10,10
4.48525862127,10,10
4.48525862127,10,10
4.48525862127,10,10
4.48525862127,10,10
4.48525862127,10,10
4.48525862127,10,10
4.48525862127,10,10
4.48525862127,10,10
4.48525862127,10,10
4.48525862127,10,10
4.48525862127,10,10
4.48525862127,10,10
4.48525862127,10,10
4.48525862127,10,10
4.48525862127,10,10
4.48525862127,10,10
4.48525862127,10,10
4.48525862127,10,10
4.48525862127,10,10
4.48525862127,10,10
4.48525862127,10,10
4.48525862127,10,10
4.48525862127,10,10
4.48525862127,10,10
4.48525862127,10,10
4.48525862127,10,10
4.48525862127,10,10
4.48525862127,10,10
4.48525862127,10,10
4.48525862127,10,10
4.48525862127,10,10
4.48525862127,10,10
4.48525862127,10,10
4.48525862127,10,10
4.48525862127,10,10
4.48525862127,10,10
4.48525862127,10,10
4.48525862127,10,10
4.48525862127,10,10
4.48525862127,10,10
4.48525862127,10,10
4.48525862127,10,10
4.48525862127,10,10
4.48525862127,10,10
4.48525862127,10,10
4.48525862127,10,10
4.48525862127,10,10
4.48525862127,10,10
4.48525862127,10,10
4.48525862127,10,10
4.48525862127,10,10
4.48525862127,10,10
4.48525862127,10,10
4.48525862127,10,10
4.48525862127,10,10
4.48525862127,10,10
4.48525862127,10,10
4.48525862127,10,10
4.48525862127,10,10
4.48525862127,10,10
4.48525862127,10,10
4.48525862127,10,10
4.48525862127,10,10
4.48525862127,10,10
4.48525862127,10,10
4.48525862127,10,10
4.48525862127,10,10
4.48525862127,10,10
4.48525862127,10,10
4.48525862127,10,10
4.48525862127,10,10
4.48525862127,10,10
4.48525862127,10,10
4.48525862127,10,10
4.48525862127,10,10
4.48525862127,10,10
4.48525862127,10,10
4.48525862127,10,10
4.48525862127,10,10
4.48525862127,10,10
4.48525862127,10,10
4.48525862127,10,10
4.48525862127,10,10
4.48525862127,10,10
4.48525862127,10,10
4.48525862127,10,10
4.48525862127,10,10
4.48525862127,10,10
4.48525862127,10,10
4.48525862127,10,10
4.48525862127,10,10
4.48525862127,10,10
4.48525862127,10,10
4.48525862127,10,10
4.48525862127,10,10
4.48525862127,10,10
4.48525862127,10,10
4.48525862127,10,10
4.48525862127,10,10
4.48525862127,10,10
4.48525862127,10,10
4.48525862127,10,10
4.48525862127,10,10
4.48525862127,10,10
4.48525862127,10,10
4.48525862127,10,10
4.48525862127,10,10
4.48525862127,10,10
4.48525862127,10,10
4.48525862127,10,10
4.48525862127,10,10
4.48525862127,10,10
4.48525862127,10,10
4.48525862127,10,10
4.48525862127,10,10
4.48525862127,10,10
4.48525862127,10,10
4.48525862127,10,10
4.48525862127,10,10
4.48525862127,10,10
4.48525862127,10,10
4.48525862127,10,10
4.48525862127,10,10
4.48525862127,10,10
4.47305181806,9,9
4.47305181806,9,9
4.47305181806,9,9
4.47305181806,9,9
4.47305181806,9,9
4.47305181806,9,9
4.47305181806,9,9
4.47305181806,9,9
4.47305181806,9,9
4.47305181806,9,9
4.47305181806,9,9
4.47305181806,9,9
4.47305181806,9,9
4.47305181806,9,9
4.47305181806,9,9
4.47305181806,9,9
4.47305181806,9,9
4.47305181806,9,9
4.47305181806,9,9
4.47305181806,9,9
4.47305181806,9,9
4.47305181806,9,9
4.47305181806,9,9
4.47305181806,9,9
4.47305181806,9,9
4.47305181806,9,9
4.47305181806,9,9
4.47305181806,9,9
4.47305181806,9,9
4.47305181806,9,9
4.47305181806,9,9
4.47305181806,9,9
4.47305181806,9,9
4.47305181806,9,9
4.47305181806,9,9
4.47305181806,9,9
4.45779331405,8,8
4.45779331405,8,8
4.45779331405,8,8
4.45779331405,8,8
4.45779331405,8,8
4.45779331405,8,8
4.45779331405,8,8
4.45779331405,8,8
4.45779331405,8,8
4.45779331405,8,8
4.45779331405,8,8
4.45779331405,8,8
4.45779331405,8,8
4.45779331405,8,8
4.45779331405,8,8
4.45779331405,8,8
4.45779331405,8,8
4.45779331405,8,8
4.45779331405,8,8
4.45779331405,8,8
4.45779331405,8,8
4.45779331405,8,8
4.45779331405,8,8
4.45779331405,8,8
4.45779331405,8,8
4.45779331405,8,8
4.45779331405,8,8
4.45779331405,8,8
4.45779331405,8,8
4.45779331405,8,8
4.45779331405,8,8
4.45779331405,8,8
4.45779331405,8,8
4.45779331405,8,8
4.45779331405,8,8
4.45779331405,8,8
4.45779331405,8,8
4.45779331405,8,8
4.45779331405,8,8
4.45779331405,8,8
4.45779331405,8,8
4.45779331405,8,8
4.45779331405,8,8
4.45779331405,8,8
4.45779331405,8,8
4.45779331405,8,8
4.45779331405,8,8
4.45779331405,8,8
4.45779331405,8,8
3.44383980426,8,7
4.45779331405,8,8
4.45779331405,8,8
4.45779331405,8,8
4.45779331405,8,8
4.45779331405,8,8
4.45779331405,8,8
4.45779331405,8,8
4.45779331405,8,8
4.45779331405,8,8
4.45779331405,8,8
4.45779331405,8,8
4.45779331405,8,8
4.45779331405,8,8
4.45779331405,8,8
4.45779331405,8,8
4.45779331405,8,8
4.45779331405,8,8
4.45779331405,8,8
4.45779331405,8,8
4.45779331405,8,8
4.45779331405,8,8
4.45779331405,8,8
4.45779331405,8,8
4.45779331405,8,8
3.44383980426,8,7
4.45779331405,8,8
4.45779331405,8,8
4.45779331405,8,8
4.45779331405,8,8
4.45779331405,8,8
4.45779331405,8,8
4.45779331405,8,8
4.45779331405,8,8
4.45779331405,8,8
4.45779331405,8,8
4.45779331405,8,8
4.45779331405,8,8
4.45779331405,8,8
4.45779331405,8,8
4.45779331405,8,8
4.45779331405,8,8
4.45779331405,8,8
4.45779331405,8,8
4.45779331405,8,8
4.45779331405,8,8
4.45779331405,8,8
4.45779331405,8,8
4.45779331405,8,8
4.45779331405,8,8
4.45779331405,8,8
4.45779331405,8,8
4.45779331405,8,8
4.45779331405,8,8
4.45779331405,8,8
4.45779331405,8,8
4.45779331405,8,8
4.45779331405,8,8
4.45779331405,8,8
4.45779331405,8,8
4.45779331405,8,8
4.45779331405,8,8
4.45779331405,8,8
4.45779331405,8,8
4.45779331405,8,8
4.45779331405,8,8
4.45779331405,8,8
4.45779331405,8,8
4.45779331405,8,8
4.45779331405,8,8
4.45779331405,8,8
4.45779331405,8,8
4.45779331405,8,8
4.45779331405,8,8
4.45779331405,8,8
4.45779331405,8,8
4.45779331405,8,8
4.45779331405,8,8
4.45779331405,8,8
4.45779331405,8,8
4.45779331405,8,8
4.45779331405,8,8
4.45779331405,8,8
4.45779331405,8,8
4.45779331405,8,8
4.45779331405,8,8
3.44383980426,8,7
4.47305181806,9,9
4.47305181806,9,9
4.47305181806,9,9
4.47305181806,9,9
4.47305181806,9,9
4.47305181806,9,9
4.47305181806,9,9
4.47305181806,9,9
4.47305181806,9,9
4.47305181806,9,9
4.47305181806,9,9
4.47305181806,9,9
4.47305181806,9,9
4.47305181806,9,9
4.47305181806,9,9
4.47305181806,9,9
4.47305181806,9,9
4.47305181806,9,9
4.47305181806,9,9
4.47305181806,9,9
4.47305181806,9,9
4.47305181806,9,9
4.47305181806,9,9
4.47305181806,9,9
4.47305181806,9,9
4.47305181806,9,9
4.47305181806,9,9
4.47305181806,9,9
4.47305181806,9,9
4.47305181806,9,9
4.47305181806,9,9
4.47305181806,9,9
4.47305181806,9,9
4.47305181806,9,9
4.47305181806,9,9
4.47305181806,9,9
4.47305181806,9,9
4.47305181806,9,9
4.47305181806,9,9
4.47305181806,9,9
4.47305181806,9,9
4.47305181806,9,9
4.47305181806,9,9
4.47305181806,9,9
4.47305181806,9,9
4.47305181806,9,9
4.47305181806,9,9
4.47305181806,9,9
4.47305181806,9,9
4.47305181806,9,9
4.47305181806,9,9
4.47305181806,9,9
4.47305181806,9,9
4.47305181806,9,9
4.47305181806,9,9
4.47305181806,9,9
4.47305181806,9,9
4.47305181806,9,9
4.47305181806,9,9
4.47305181806,9,9
4.47305181806,9,9
4.47305181806,9,9
4.47305181806,9,9
4.47305181806,9,9
4.47305181806,9,9
4.47305181806,9,9
4.47305181806,9,9
4.47305181806,9,9
4.47305181806,9,9
4.47305181806,9,9
4.47305181806,9,9
4.47305181806,9,9
4.47305181806,9,9
4.47305181806,9,9
4.47305181806,9,9
4.47305181806,9,9
4.47305181806,9,9
4.47305181806,9,9
4.47305181806,9,9
4.47305181806,9,9
4.47305181806,9,9
4.47305181806,9,9
4.47305181806,9,9
4.47305181806,9,9
4.47305181806,9,9
4.47305181806,9,9
4.47305181806,9,9
4.47305181806,9,9
4.47305181806,9,9
4.47305181806,9,9
4.47305181806,9,9
4.47305181806,9,9
4.47305181806,9,9
4.47305181806,9,9
4.47305181806,9,9
4.47305181806,9,9
4.47305181806,9,9
4.47305181806,9,9
4.47305181806,9,9
4.47305181806,9,9
4.50356882608,12,12
4.50356882608,12,12
4.50356882608,12,12
4.50356882608,12,12
4.50356882608,12,12
4.50356882608,12,12
4.50356882608,12,12
4.50356882608,12,12
4.50356882608,12,12
4.50356882608,12,12
4.50356882608,12,12
4.50356882608,12,12
4.50356882608,12,12
4.50356882608,12,12
4.50356882608,12,12
4.50356882608,12,12
4.50356882608,12,12
4.50356882608,12,12
4.50356882608,12,12
4.50356882608,12,12
4.50356882608,12,12
4.50356882608,12,12
4.50356882608,12,12
4.50356882608,12,12
4.50356882608,12,12
4.50356882608,12,12
4.50356882608,12,12
4.50356882608,12,12
4.50356882608,12,12
4.50356882608,12,12
4.50356882608,12,12
4.50356882608,12,12
4.50356882608,12,12
4.50356882608,12,12
4.50356882608,12,12
4.50356882608,12,12
4.50356882608,12,12
4.50356882608,12,12
4.50356882608,12,12
4.50356882608,12,12
4.50356882608,12,12
4.50356882608,12,12
4.50356882608,12,12
4.50356882608,12,12
4.50356882608,12,12
4.50356882608,12,12
4.50356882608,12,12
4.50356882608,12,12
4.50356882608,12,12
4.50356882608,12,12
4.50356882608,12,12
4.50356882608,12,12
4.50356882608,12,12
4.50356882608,12,12
4.50356882608,12,12
4.50356882608,12,12
4.50356882608,12,12
4.50356882608,12,12
4.50356882608,12,12
4.50356882608,12,12
4.50356882608,12,12
4.50356882608,12,12
4.50356882608,12,12
4.50356882608,12,12
4.50356882608,12,12
4.50356882608,12,12
4.50356882608,12,12
4.50356882608,12,12
4.50356882608,12,12
4.50356882608,12,12
4.50356882608,12,12
4.50356882608,12,12
4.50356882608,12,12
4.50356882608,12,12
4.50356882608,12,12
4.50356882608,12,12
4.50356882608,12,12
4.50356882608,12,12
4.50356882608,12,12
4.50356882608,12,12
4.50356882608,12,12
4.50356882608,12,12
4.50356882608,12,12
4.50356882608,12,12
4.50356882608,12,12
4.50356882608,12,12
4.50356882608,12,12
4.50356882608,12,12
4.50356882608,12,12
4.50356882608,12,12
4.50356882608,12,12
4.50356882608,12,12
4.50356882608,12,12
4.50356882608,12,12
4.50356882608,12,12
4.50356882608,12,12
4.50356882608,12,12
4.50356882608,12,12
4.50356882608,12,12
4.50356882608,12,12
4.50356882608,12,12
4.50356882608,12,12
4.50356882608,12,12
4.50356882608,12,12
4.50356882608,12,12
4.50356882608,12,12
4.50356882608,12,12
4.50356882608,12,12
4.50356882608,12,12
4.50356882608,12,12
4.50356882608,12,12
4.50356882608,12,12
4.50356882608,12,12
4.50356882608,12,12
4.50356882608,12,12
4.50356882608,12,12
4.50356882608,12,12
4.50356882608,12,12
4.50356882608,12,12
4.50356882608,12,12
4.50356882608,12,12
4.50356882608,12,12
4.50356882608,12,12
4.50356882608,12,12
4.50356882608,12,12
4.50356882608,12,12
4.50356882608,12,12
4.50356882608,12,12
4.50356882608,12,12
4.50356882608,12,12
4.50356882608,12,12
4.50356882608,12,12
4.50356882608,12,12
4.50356882608,12,12
4.50356882608,12,12
4.50356882608,12,12
4.50356882608,12,12
4.52645658209,16,16
4.52645658209,16,16
4.52645658209,16,16
4.52645658209,16,16
4.52645658209,16,16
4.52645658209,16,16
4.52645658209,16,16
4.0194798272,16,15
4.52645658209,16,16
4.52645658209,16,16
4.52645658209,16,16
4.52645658209,16,16
4.52645658209,16,16
4.52645658209,16,16
4.52645658209,16,16
4.52645658209,16,16
4.52645658209,16,16
4.52645658209,16,16
4.52645658209,16,16
4.52645658209,16,16
4.52645658209,16,16
4.52645658209,16,16
4.52645658209,16,16
4.52645658209,16,16
4.52645658209,16,16
4.52645658209,16,16
4.52645658209,16,16
4.52645658209,16,16
4.52645658209,16,16
4.52645658209,16,16
4.52645658209,16,16
4.52645658209,16,16
4.52645658209,16,16
4.52645658209,16,16
4.52645658209,16,16
4.52645658209,16,16
4.52645658209,16,16
4.52645658209,16,16
4.52645658209,16,16
4.52645658209,16,16
4.52645658209,16,16
4.52645658209,16,16
4.52645658209,16,16
4.52645658209,16,16
4.52645658209,16,16
4.52645658209,16,16
4.52645658209,16,16
4.52645658209,16,16
4.52645658209,16,16
4.52645658209,16,16
4.52645658209,16,16
4.52645658209,16,16
4.52645658209,16,16
4.52645658209,16,16
4.52645658209,16,16
4.52645658209,16,16
4.52645658209,16,16
4.52645658209,16,16
4.52645658209,16,16
4.52645658209,16,16
4.52645658209,16,16
4.52645658209,16,16
4.52645658209,16,16
4.52645658209,16,16
4.52645658209,16,16
4.52645658209,16,16
4.52645658209,16,16
4.52645658209,16,16
4.52645658209,16,16
4.52645658209,16,16
4.52645658209,16,16
4.52645658209,16,16
4.52645658209,16,16
4.52645658209,16,16
4.52645658209,16,16
4.52645658209,16,16
4.52645658209,16,16
4.52645658209,16,16
4.52645658209,16,16
4.52645658209,16,16
4.52645658209,16,16
4.52645658209,16,16
4.52645658209,16,16
4.52645658209,16,16
4.52645658209,16,16
4.52645658209,16,16
4.52645658209,16,16
4.52645658209,16,16
4.52645658209,16,16
4.52645658209,16,16
4.52645658209,16,16
4.52645658209,16,16
4.52645658209,16,16
4.52645658209,16,16
4.52645658209,16,16
4.52645658209,16,16
4.52645658209,16,16
4.52645658209,16,16
4.52645658209,16,16
4.52645658209,16,16
4.52645658209,16,16
4.52645658209,16,16
4.52645658209,16,16
4.52645658209,16,16
4.52645658209,16,16
4.52645658209,16,16
4.52645658209,16,16
4.52645658209,16,16
4.52645658209,16,16
4.52645658209,16,16
4.52645658209,16,16
4.52645658209,16,16
4.52645658209,16,16
4.52645658209,16,16
4.52645658209,16,16
4.52645658209,16,16
4.52645658209,16,16
4.0194798272,16,15
4.52645658209,16,16
4.52645658209,16,16
4.52645658209,16,16
4.52645658209,16,16
4.52645658209,16,16
4.52645658209,16,16
4.52645658209,16,16
4.52645658209,16,16
4.52645658209,16,16
4.52645658209,16,16
4.52645658209,16,16
4.52645658209,16,16
4.52645658209,16,16
4.52645658209,16,16
4.52645658209,16,16
4.52645658209,16,16
4.52645658209,16,16
4.52645658209,16,16
4.52645658209,16,16
4.51061121254,13,13
4.51061121254,13,13
4.51061121254,13,13
4.51061121254,13,13
4.51061121254,13,13
4.51061121254,13,13
4.51061121254,13,13
4.51061121254,13,13
3.88663982191,13,12
4.51061121254,13,13
4.51061121254,13,13
4.51061121254,13,13
4.51061121254,13,13
4.51061121254,13,13
4.51061121254,13,13
4.51061121254,13,13
4.51061121254,13,13
4.51061121254,13,13
4.51061121254,13,13
4.51061121254,13,13
4.51061121254,13,13
4.51061121254,13,13
4.51061121254,13,13
4.51061121254,13,13
4.51061121254,13,13
4.51061121254,13,13
4.51061121254,13,13
4.51061121254,13,13
4.51061121254,13,13
4.51061121254,13,13
4.51061121254,13,13
4.51061121254,13,13
4.51061121254,13,13
4.51061121254,13,13
4.51061121254,13,13
4.51061121254,13,13
4.51061121254,13,13
4.51061121254,13,13
4.51061121254,13,13
4.51061121254,13,13
4.51061121254,13,13
4.51061121254,13,13
4.51061121254,13,13
4.51061121254,13,13
4.51061121254,13,13
4.51061121254,13,13
4.51061121254,13,13
4.51061121254,13,13
4.51061121254,13,13
4.51061121254,13,13
4.51061121254,13,13
4.51061121254,13,13
4.51061121254,13,13
4.51061121254,13,13
4.51061121254,13,13
4.51061121254,13,13
4.51061121254,13,13
4.51061121254,13,13
4.51061121254,13,13
4.51061121254,13,13
4.51061121254,13,13
4.51061121254,13,13
3.88663982191,13,12
3.88663982191,13,12
3.88663982191,13,12
3.88663982191,13,12
3.88663982191,13,12
3.88663982191,13,12
3.88663982191,13,12
3.88663982191,13,12
4.51061121254,13,13
4.51061121254,13,13
3.88663982191,13,12
3.88663982191,13,12
3.88663982191,13,12
3.88663982191,13,12
4.51061121254,13,13
3.88663982191,13,12
3.88663982191,13,12
3.48100104052,13,11
3.88663982191,13,12
3.88663982191,13,12
3.88663982191,13,12
3.88663982191,13,12
3.88663982191,13,12
4.51061121254,13,13
4.51061121254,13,13
4.51061121254,13,13
4.51061121254,13,13
3.88663982191,13,12
3.88663982191,13,12
3.88663982191,13,12
4.51061121254,13,13
4.51061121254,13,13
3.88663982191,13,12
3.88663982191,13,12
3.88663982191,13,12
3.88663982191,13,12
3.88663982191,13,12
4.51061121254,13,13
3.88663982191,13,12
3.88663982191,13,12
4.51061121254,13,13
3.88663982191,13,12
3.88663982191,13,12
3.88663982191,13,12
3.88663982191,13,12
3.88663982191,13,12
3.88663982191,13,12
3.88663982191,13,12
4.51061121254,13,13
3.88663982191,13,12
3.88663982191,13,12
4.51061121254,13,13
3.88663982191,13,12
3.88663982191,13,12
3.48100104052,13,11
3.88663982191,13,12
3.88663982191,13,12
3.88663982191,13,12
3.88663982191,13,12
3.88663982191,13,12
3.88663982191,13,12
4.51061121254,13,13
4.51061121254,13,13
4.51061121254,13,13
4.51061121254,13,13
3.88663982191,13,12
3.88663982191,13,12
4.51061121254,13,13
3.88663982191,13,12
3.88663982191,13,12
3.88663982191,13,12
4.51061121254,13,13
4.51061121254,13,13
4.51061121254,13,13
4.51061121254,13,13
4.55117535859,25,25
4.55117535859,25,25
4.55117535859,25,25
4.55117535859,25,25
4.55117535859,25,25
4.55117535859,25,25
4.55117535859,25,25
4.55117535859,25,25
4.55117535859,25,25
4.55117535859,25,25
4.22671023546,25,24
4.55117535859,25,25
4.55117535859,25,25
4.55117535859,25,25
4.55117535859,25,25
4.22671023546,25,24
4.22671023546,25,24
4.22671023546,25,24
4.22671023546,25,24
4.22671023546,25,24
4.22671023546,25,24
4.22671023546,25,24
4.22671023546,25,24
4.22671023546,25,24
4.22671023546,25,24
4.22671023546,25,24
4.22671023546,25,24
4.22671023546,25,24
4.22671023546,25,24
4.22671023546,25,24
4.22671023546,25,24
4.22671023546,25,24
4.22671023546,25,24
4.22671023546,25,24
4.22671023546,25,24
4.22671023546,25,24
4.22671023546,25,24
4.22671023546,25,24
4.55117535859,25,25
4.22671023546,25,24
4.22671023546,25,24
4.22671023546,25,24
4.22671023546,25,24
4.55117535859,25,25
4.22671023546,25,24
4.22671023546,25,24
4.22671023546,25,24
4.22671023546,25,24
4.22671023546,25,24
4.55117535859,25,25
4.22671023546,25,24
4.22671023546,25,24
4.55117535859,25,25
4.55117535859,25,25
4.55117535859,25,25
4.55117535859,25,25
4.55117535859,25,25
4.55117535859,25,25
4.55117535859,25,25
4.55117535859,25,25
4.55117535859,25,25
4.22671023546,25,24
4.55117535859,25,25
4.55117535859,25,25
4.55117535859,25,25
4.55117535859,25,25
4.55117535859,25,25
4.55117535859,25,25
4.55117535859,25,25
4.55117535859,25,25
4.55117535859,25,25
4.55117535859,25,25
4.55117535859,25,25
4.55117535859,25,25
4.55117535859,25,25
4.55117535859,25,25
4.55117535859,25,25
4.55117535859,25,25
4.55117535859,25,25
4.55117535859,25,25
4.55117535859,25,25
4.55117535859,25,25
4.55117535859,25,25
4.55117535859,25,25
4.55117535859,25,25
4.55117535859,25,25
4.55117535859,25,25
4.55117535859,25,25
4.55117535859,25,25
4.55117535859,25,25
4.55117535859,25,25
4.55117535859,25,25
4.55117535859,25,25
4.55117535859,25,25
4.55117535859,25,25
4.55117535859,25,25
4.55117535859,25,25
4.55117535859,25,25
4.55117535859,25,25
4.55117535859,25,25
4.55117535859,25,25
4.55117535859,25,25
4.55117535859,25,25
4.55117535859,25,25
4.55117535859,25,25
4.55117535859,25,25
4.55117535859,25,25
4.55117535859,25,25
4.55117535859,25,25
4.55117535859,25,25
4.55117535859,25,25
4.55117535859,25,25
4.55117535859,25,25
4.55117535859,25,25
4.55117535859,25,25
4.55117535859,25,25
4.55117535859,25,25
4.55117535859,25,25
4.55117535859,25,25
4.55117535859,25,25
4.55117535859,25,25
4.55117535859,25,25
4.55117535859,25,25
4.55117535859,25,25
4.55117535859,25,25
4.55117535859,25,25
4.55117535859,25,25
4.55117535859,25,25
4.55117535859,25,25
4.55117535859,25,25
4.55117535859,25,25
4.55117535859,25,25
4.55117535859,25,25
4.55117535859,25,25
4.55117535859,25,25
4.55117535859,25,25
4.55117535859,25,25
