22.9755992507
22.9755992507
22.9755992507
22.9755992507
22.9755992507
22.9755992507
22.9755992507
22.9755992507
22.9755992507
22.9755992507
22.9755992507
22.9755992507
22.9755992507
22.9755992507
22.9755992507
22.9755992507
22.9755992507
22.9755992507
22.9755992507
22.9755992507
22.9755992507
22.9755992507
22.9755992507
22.9755992507
22.9755992507
22.9755992507
13.7853595504
22.9755992507
22.9755992507
22.9755992507
22.9755992507
22.9755992507
22.9755992507
22.9755992507
22.9755992507
22.9755992507
22.9755992507
22.9755992507
22.9755992507
22.9755992507
22.9755992507
22.9755992507
22.9755992507
22.9755992507
22.9755992507
22.9755992507
22.9755992507
22.9755992507
22.9755992507
22.9755992507
22.9755992507
22.9755992507
22.9755992507
22.9755992507
22.9755992507
22.9755992507
22.9755992507
22.9755992507
22.9755992507
22.9755992507
22.9755992507
22.9755992507
22.9755992507
22.9755992507
22.9755992507
22.9755992507
22.9755992507
22.9755992507
22.9755992507
22.9755992507
22.9755992507
22.9755992507
22.9755992507
22.9755992507
22.9755992507
22.9755992507
22.9755992507
22.9755992507
22.9755992507
22.9755992507
22.9755992507
22.9755992507
22.9755992507
22.9755992507
22.9755992507
22.9755992507
22.9755992507
22.9755992507
22.9755992507
22.9755992507
22.9755992507
22.9755992507
22.9755992507
22.9755992507
22.9755992507
22.9755992507
22.9755992507
22.9755992507
22.9755992507
22.9755992507
13.7853595504
22.9755992507
22.9755992507
22.9755992507
22.9755992507
22.9755992507
22.9755992507
22.9755992507
22.9755992507
22.9755992507
22.9755992507
22.9755992507
22.9755992507
22.9755992507
22.9755992507
22.9755992507
22.9755992507
22.9755992507
22.9755992507
22.9755992507
22.9755992507
22.9755992507
22.9755992507
22.9755992507
22.9755992507
22.9755992507
22.9755992507
22.9755992507
22.9755992507
22.9755992507
22.9755992507
22.9755992507
22.9755992507
22.9755992507
22.9755992507
22.9755992507
22.9755992507
101.092636703
101.092636703
101.092636703
101.092636703
101.092636703
101.092636703
91.9023970027
101.092636703
101.092636703
101.092636703
101.092636703
101.092636703
91.9023970027
101.092636703
101.092636703
101.092636703
101.092636703
101.092636703
101.092636703
101.092636703
101.092636703
101.092636703
101.092636703
101.092636703
101.092636703
101.092636703
101.092636703
101.092636703
101.092636703
101.092636703
101.092636703
101.092636703
101.092636703
101.092636703
91.9023970027
101.092636703
101.092636703
101.092636703
101.092636703
101.092636703
101.092636703
101.092636703
101.092636703
91.9023970027
91.9023970027
91.9023970027
91.9023970027
91.9023970027
91.9023970027
91.9023970027
91.9023970027
101.092636703
91.9023970027
91.9023970027
91.9023970027
91.9023970027
101.092636703
101.092636703
91.9023970027
91.9023970027
91.9023970027
91.9023970027
91.9023970027
91.9023970027
91.9023970027
91.9023970027
91.9023970027
91.9023970027
91.9023970027
91.9023970027
101.092636703
101.092636703
91.9023970027
91.9023970027
91.9023970027
91.9023970027
101.092636703
91.9023970027
91.9023970027
91.9023970027
87.3072771526
82.7121573024
91.9023970027
82.7121573024
91.9023970027
101.092636703
101.092636703
91.9023970027
82.7121573024
82.7121573024
87.3072771526
91.9023970027
91.9023970027
91.9023970027
91.9023970027
87.3072771526
87.3072771526
87.3072771526
87.3072771526
101.092636703
82.7121573024
87.3072771526
91.9023970027
87.3072771526
82.7121573024
91.9023970027
87.3072771526
91.9023970027
82.7121573024
87.3072771526
87.3072771526
87.3072771526
87.3072771526
101.092636703
87.3072771526
82.7121573024
78.1170374523
82.7121573024
82.7121573024
87.3072771526
87.3072771526
87.3072771526
91.9023970027
101.092636703
101.092636703
91.9023970027
101.092636703
82.7121573024
87.3072771526
91.9023970027
82.7121573024
87.3072771526
91.9023970027
101.092636703
91.9023970027
101.092636703
87.3072771526
27.5707191008
27.5707191008
27.5707191008
27.5707191008
27.5707191008
27.5707191008
27.5707191008
27.5707191008
27.5707191008
27.5707191008
27.5707191008
27.5707191008
27.5707191008
27.5707191008
27.5707191008
27.5707191008
27.5707191008
27.5707191008
27.5707191008
27.5707191008
27.5707191008
27.5707191008
27.5707191008
27.5707191008
27.5707191008
27.5707191008
27.5707191008
27.5707191008
27.5707191008
27.5707191008
27.5707191008
27.5707191008
27.5707191008
27.5707191008
27.5707191008
27.5707191008
27.5707191008
27.5707191008
27.5707191008
27.5707191008
27.5707191008
27.5707191008
27.5707191008
27.5707191008
27.5707191008
27.5707191008
27.5707191008
27.5707191008
27.5707191008
27.5707191008
27.5707191008
27.5707191008
27.5707191008
27.5707191008
27.5707191008
27.5707191008
27.5707191008
27.5707191008
27.5707191008
27.5707191008
27.5707191008
27.5707191008
27.5707191008
27.5707191008
27.5707191008
27.5707191008
27.5707191008
27.5707191008
27.5707191008
27.5707191008
27.5707191008
27.5707191008
27.5707191008
27.5707191008
27.5707191008
27.5707191008
27.5707191008
27.5707191008
27.5707191008
27.5707191008
27.5707191008
27.5707191008
27.5707191008
27.5707191008
27.5707191008
27.5707191008
27.5707191008
27.5707191008
27.5707191008
27.5707191008
27.5707191008
27.5707191008
27.5707191008
27.5707191008
27.5707191008
27.5707191008
27.5707191008
27.5707191008
27.5707191008
27.5707191008
27.5707191008
27.5707191008
27.5707191008
27.5707191008
27.5707191008
27.5707191008
27.5707191008
27.5707191008
27.5707191008
27.5707191008
27.5707191008
27.5707191008
27.5707191008
27.5707191008
27.5707191008
27.5707191008
27.5707191008
27.5707191008
27.5707191008
27.5707191008
27.5707191008
27.5707191008
27.5707191008
27.5707191008
27.5707191008
27.5707191008
27.5707191008
27.5707191008
27.5707191008
27.5707191008
27.5707191008
27.5707191008
27.5707191008
27.5707191008
27.5707191008
27.5707191008
27.5707191008
353.82422846
344.63398876
353.82422846
353.82422846
353.82422846
353.82422846
353.82422846
353.82422846
353.82422846
344.63398876
353.82422846
353.82422846
353.82422846
353.82422846
353.82422846
353.82422846
353.82422846
344.63398876
353.82422846
353.82422846
353.82422846
353.82422846
353.82422846
353.82422846
353.82422846
353.82422846
344.63398876
353.82422846
353.82422846
353.82422846
353.82422846
353.82422846
353.82422846
353.82422846
353.82422846
353.82422846
353.82422846
353.82422846
353.82422846
353.82422846
353.82422846
353.82422846
353.82422846
353.82422846
353.82422846
353.82422846
353.82422846
353.82422846
353.82422846
353.82422846
353.82422846
353.82422846
353.82422846
353.82422846
353.82422846
353.82422846
353.82422846
353.82422846
353.82422846
353.82422846
353.82422846
353.82422846
344.63398876
353.82422846
353.82422846
353.82422846
353.82422846
353.82422846
353.82422846
353.82422846
353.82422846
353.82422846
353.82422846
353.82422846
353.82422846
353.82422846
353.82422846
353.82422846
353.82422846
353.82422846
353.82422846
344.63398876
353.82422846
344.63398876
344.63398876
353.82422846
344.63398876
353.82422846
317.063269659
344.63398876
353.82422846
344.63398876
353.82422846
344.63398876
353.82422846
353.82422846
344.63398876
330.84862921
344.63398876
340.03886891
353.82422846
353.82422846
340.03886891
353.82422846
344.63398876
344.63398876
344.63398876
353.82422846
312.468149809
330.84862921
344.63398876
344.63398876
344.63398876
335.44374906
234.351112357
344.63398876
257.326711608
326.25350936
344.63398876
284.897430708
317.063269659
307.873029959
252.731591757
248.136471907
280.302310858
280.302310858
225.160872657
211.375513106
353.82422846
344.63398876
344.63398876
344.63398876
353.82422846
353.82422846
344.63398876
353.82422846
353.82422846
59.7365580517
36.7609588011
41.3560786512
41.3560786512
32.1658389509
45.9511985013
27.5707191008
32.1658389509
27.5707191008
50.5463183515
32.1658389509
41.3560786512
32.1658389509
27.5707191008
36.7609588011
32.1658389509
41.3560786512
32.1658389509
32.1658389509
27.5707191008
36.7609588011
41.3560786512
32.1658389509
27.5707191008
32.1658389509
32.1658389509
36.7609588011
22.9755992507
36.7609588011
32.1658389509
36.7609588011
45.9511985013
45.9511985013
32.1658389509
32.1658389509
41.3560786512
32.1658389509
32.1658389509
45.9511985013
27.5707191008
27.5707191008
32.1658389509
32.1658389509
45.9511985013
32.1658389509
32.1658389509
27.5707191008
36.7609588011
32.1658389509
41.3560786512
32.1658389509
27.5707191008
27.5707191008
36.7609588011
50.5463183515
36.7609588011
22.9755992507
32.1658389509
32.1658389509
41.3560786512
27.5707191008
32.1658389509
36.7609588011
45.9511985013
27.5707191008
32.1658389509
32.1658389509
32.1658389509
36.7609588011
27.5707191008
45.9511985013
32.1658389509
32.1658389509
32.1658389509
45.9511985013
36.7609588011
45.9511985013
32.1658389509
32.1658389509
32.1658389509
45.9511985013
27.5707191008
32.1658389509
27.5707191008
50.5463183515
32.1658389509
41.3560786512
32.1658389509
45.9511985013
32.1658389509
27.5707191008
32.1658389509
32.1658389509
36.7609588011
32.1658389509
32.1658389509
27.5707191008
50.5463183515
27.5707191008
41.3560786512
32.1658389509
32.1658389509
41.3560786512
50.5463183515
41.3560786512
32.1658389509
45.9511985013
32.1658389509
32.1658389509
27.5707191008
36.7609588011
41.3560786512
32.1658389509
32.1658389509
32.1658389509
32.1658389509
27.5707191008
45.9511985013
27.5707191008
59.7365580517
32.1658389509
36.7609588011
50.5463183515
36.7609588011
22.9755992507
32.1658389509
36.7609588011
36.7609588011
32.1658389509
32.1658389509
27.5707191008
32.1658389509
50.5463183515
27.5707191008
50.5463183515
32.1658389509
22.9755992507
22.9755992507
22.9755992507
22.9755992507
22.9755992507
22.9755992507
22.9755992507
22.9755992507
22.9755992507
22.9755992507
22.9755992507
22.9755992507
22.9755992507
22.9755992507
22.9755992507
22.9755992507
22.9755992507
22.9755992507
22.9755992507
22.9755992507
22.9755992507
22.9755992507
22.9755992507
22.9755992507
22.9755992507
22.9755992507
22.9755992507
22.9755992507
22.9755992507
22.9755992507
22.9755992507
22.9755992507
22.9755992507
22.9755992507
22.9755992507
22.9755992507
22.9755992507
22.9755992507
22.9755992507
22.9755992507
22.9755992507
22.9755992507
22.9755992507
22.9755992507
22.9755992507
22.9755992507
22.9755992507
22.9755992507
22.9755992507
22.9755992507
22.9755992507
22.9755992507
22.9755992507
22.9755992507
22.9755992507
22.9755992507
22.9755992507
22.9755992507
22.9755992507
22.9755992507
22.9755992507
22.9755992507
22.9755992507
13.7853595504
22.9755992507
22.9755992507
22.9755992507
22.9755992507
22.9755992507
22.9755992507
22.9755992507
22.9755992507
22.9755992507
22.9755992507
22.9755992507
22.9755992507
22.9755992507
22.9755992507
22.9755992507
22.9755992507
22.9755992507
22.9755992507
22.9755992507
22.9755992507
22.9755992507
22.9755992507
22.9755992507
22.9755992507
22.9755992507
22.9755992507
22.9755992507
22.9755992507
22.9755992507
22.9755992507
22.9755992507
22.9755992507
22.9755992507
22.9755992507
22.9755992507
22.9755992507
22.9755992507
22.9755992507
22.9755992507
22.9755992507
22.9755992507
22.9755992507
22.9755992507
22.9755992507
22.9755992507
22.9755992507
22.9755992507
22.9755992507
22.9755992507
22.9755992507
22.9755992507
22.9755992507
22.9755992507
22.9755992507
22.9755992507
22.9755992507
22.9755992507
22.9755992507
22.9755992507
22.9755992507
22.9755992507
22.9755992507
22.9755992507
22.9755992507
22.9755992507
22.9755992507
22.9755992507
22.9755992507
22.9755992507
22.9755992507
22.9755992507
22.9755992507
22.9755992507
22.9755992507
32.1658389509
32.1658389509
32.1658389509
32.1658389509
32.1658389509
32.1658389509
32.1658389509
32.1658389509
32.1658389509
32.1658389509
32.1658389509
32.1658389509
32.1658389509
32.1658389509
32.1658389509
32.1658389509
32.1658389509
32.1658389509
32.1658389509
32.1658389509
32.1658389509
32.1658389509
32.1658389509
32.1658389509
32.1658389509
32.1658389509
32.1658389509
32.1658389509
32.1658389509
32.1658389509
32.1658389509
32.1658389509
32.1658389509
32.1658389509
22.9755992507
32.1658389509
32.1658389509
32.1658389509
32.1658389509
32.1658389509
32.1658389509
32.1658389509
32.1658389509
32.1658389509
32.1658389509
32.1658389509
32.1658389509
32.1658389509
32.1658389509
32.1658389509
32.1658389509
32.1658389509
22.9755992507
32.1658389509
32.1658389509
22.9755992507
22.9755992507
22.9755992507
22.9755992507
22.9755992507
22.9755992507
22.9755992507
32.1658389509
32.1658389509
32.1658389509
32.1658389509
32.1658389509
32.1658389509
32.1658389509
32.1658389509
32.1658389509
32.1658389509
22.9755992507
22.9755992507
22.9755992507
32.1658389509
22.9755992507
22.9755992507
22.9755992507
22.9755992507
22.9755992507
22.9755992507
22.9755992507
22.9755992507
32.1658389509
32.1658389509
32.1658389509
32.1658389509
22.9755992507
22.9755992507
13.7853595504
32.1658389509
32.1658389509
22.9755992507
22.9755992507
22.9755992507
22.9755992507
22.9755992507
32.1658389509
22.9755992507
22.9755992507
32.1658389509
22.9755992507
22.9755992507
22.9755992507
22.9755992507
22.9755992507
22.9755992507
22.9755992507
32.1658389509
22.9755992507
22.9755992507
32.1658389509
22.9755992507
22.9755992507
22.9755992507
22.9755992507
22.9755992507
22.9755992507
22.9755992507
22.9755992507
22.9755992507
32.1658389509
32.1658389509
32.1658389509
32.1658389509
22.9755992507
22.9755992507
32.1658389509
22.9755992507
22.9755992507
22.9755992507
32.1658389509
32.1658389509
32.1658389509
22.9755992507
32.1658389509
41.3560786512
41.3560786512
41.3560786512
41.3560786512
41.3560786512
41.3560786512
41.3560786512
41.3560786512
41.3560786512
41.3560786512
41.3560786512
41.3560786512
41.3560786512
41.3560786512
41.3560786512
32.1658389509
32.1658389509
32.1658389509
32.1658389509
32.1658389509
32.1658389509
32.1658389509
41.3560786512
32.1658389509
32.1658389509
41.3560786512
32.1658389509
32.1658389509
32.1658389509
32.1658389509
32.1658389509
41.3560786512
41.3560786512
32.1658389509
32.1658389509
32.1658389509
41.3560786512
41.3560786512
41.3560786512
41.3560786512
32.1658389509
32.1658389509
32.1658389509
32.1658389509
32.1658389509
32.1658389509
32.1658389509
32.1658389509
41.3560786512
32.1658389509
32.1658389509
32.1658389509
32.1658389509
41.3560786512
41.3560786512
32.1658389509
32.1658389509
32.1658389509
32.1658389509
32.1658389509
32.1658389509
32.1658389509
41.3560786512
41.3560786512
41.3560786512
41.3560786512
41.3560786512
41.3560786512
41.3560786512
41.3560786512
41.3560786512
41.3560786512
41.3560786512
41.3560786512
41.3560786512
41.3560786512
41.3560786512
41.3560786512
41.3560786512
41.3560786512
41.3560786512
41.3560786512
41.3560786512
41.3560786512
41.3560786512
41.3560786512
41.3560786512
41.3560786512
41.3560786512
41.3560786512
41.3560786512
41.3560786512
41.3560786512
41.3560786512
41.3560786512
41.3560786512
41.3560786512
41.3560786512
41.3560786512
41.3560786512
41.3560786512
41.3560786512
41.3560786512
41.3560786512
41.3560786512
41.3560786512
41.3560786512
41.3560786512
41.3560786512
41.3560786512
32.1658389509
32.1658389509
41.3560786512
32.1658389509
32.1658389509
32.1658389509
32.1658389509
32.1658389509
32.1658389509
32.1658389509
32.1658389509
32.1658389509
41.3560786512
41.3560786512
41.3560786512
41.3560786512
32.1658389509
32.1658389509
41.3560786512
32.1658389509
32.1658389509
32.1658389509
41.3560786512
41.3560786512
41.3560786512
41.3560786512
32.1658389509
27.5707191008
27.5707191008
27.5707191008
27.5707191008
27.5707191008
27.5707191008
27.5707191008
27.5707191008
27.5707191008
27.5707191008
27.5707191008
27.5707191008
27.5707191008
27.5707191008
27.5707191008
27.5707191008
27.5707191008
27.5707191008
27.5707191008
27.5707191008
27.5707191008
27.5707191008
27.5707191008
27.5707191008
27.5707191008
27.5707191008
27.5707191008
27.5707191008
27.5707191008
27.5707191008
27.5707191008
27.5707191008
27.5707191008
27.5707191008
27.5707191008
27.5707191008
27.5707191008
27.5707191008
27.5707191008
27.5707191008
27.5707191008
27.5707191008
27.5707191008
27.5707191008
27.5707191008
27.5707191008
27.5707191008
27.5707191008
27.5707191008
27.5707191008
27.5707191008
27.5707191008
27.5707191008
27.5707191008
27.5707191008
27.5707191008
27.5707191008
27.5707191008
27.5707191008
18.3804794005
18.3804794005
9.19023970027
27.5707191008
18.3804794005
18.3804794005
18.3804794005
18.3804794005
18.3804794005
18.3804794005
27.5707191008
27.5707191008
18.3804794005
18.3804794005
18.3804794005
18.3804794005
27.5707191008
18.3804794005
18.3804794005
18.3804794005
18.3804794005
18.3804794005
18.3804794005
18.3804794005
18.3804794005
27.5707191008
27.5707191008
27.5707191008
27.5707191008
18.3804794005
18.3804794005
18.3804794005
27.5707191008
27.5707191008
18.3804794005
18.3804794005
18.3804794005
18.3804794005
18.3804794005
27.5707191008
18.3804794005
18.3804794005
27.5707191008
18.3804794005
18.3804794005
18.3804794005
18.3804794005
18.3804794005
18.3804794005
18.3804794005
27.5707191008
13.7853595504
18.3804794005
27.5707191008
18.3804794005
18.3804794005
18.3804794005
18.3804794005
18.3804794005
18.3804794005
18.3804794005
18.3804794005
18.3804794005
27.5707191008
27.5707191008
27.5707191008
27.5707191008
18.3804794005
18.3804794005
27.5707191008
18.3804794005
18.3804794005
18.3804794005
27.5707191008
18.3804794005
18.3804794005
18.3804794005
18.3804794005
303.277910109
303.277910109
303.277910109
303.277910109
303.277910109
303.277910109
303.277910109
303.277910109
303.277910109
303.277910109
303.277910109
303.277910109
303.277910109
303.277910109
303.277910109
303.277910109
303.277910109
303.277910109
303.277910109
303.277910109
303.277910109
303.277910109
303.277910109
303.277910109
303.277910109
303.277910109
303.277910109
303.277910109
303.277910109
303.277910109
303.277910109
303.277910109
303.277910109
303.277910109
303.277910109
303.277910109
303.277910109
303.277910109
303.277910109
303.277910109
303.277910109
303.277910109
303.277910109
303.277910109
303.277910109
303.277910109
303.277910109
303.277910109
303.277910109
303.277910109
303.277910109
303.277910109
294.087670409
303.277910109
303.277910109
303.277910109
303.277910109
303.277910109
303.277910109
303.277910109
303.277910109
303.277910109
248.136471907
243.541352057
248.136471907
215.970632956
225.160872657
229.755992507
248.136471907
261.921831458
271.112071158
257.326711608
248.136471907
234.351112357
234.351112357
252.731591757
252.731591757
229.755992507
252.731591757
238.946232207
220.565752806
229.755992507
229.755992507
229.755992507
257.326711608
275.707191008
257.326711608
261.921831458
215.970632956
202.185273406
220.565752806
266.516951308
275.707191008
215.970632956
197.590153556
179.209674155
202.185273406
229.755992507
243.541352057
211.375513106
183.804794005
215.970632956
188.399913856
160.829194755
174.614554305
160.829194755
179.209674155
165.424314605
147.043835204
206.780393256
174.614554305
151.638955054
137.853595504
188.399913856
151.638955054
119.473116103
170.019434455
133.258475654
137.853595504
133.258475654
151.638955054
110.282876403
151.638955054
142.448715354
188.399913856
165.424314605
156.234074905
73.5219176022
142.448715354
142.448715354
96.4975168528
101.092636703
160.829194755
197.590153556
188.399913856
147.043835204
59.7365580517
41.3560786512
41.3560786512
41.3560786512
32.1658389509
32.1658389509
32.1658389509
22.9755992507
32.1658389509
32.1658389509
32.1658389509
41.3560786512
32.1658389509
32.1658389509
41.3560786512
32.1658389509
32.1658389509
32.1658389509
32.1658389509
32.1658389509
32.1658389509
32.1658389509
41.3560786512
32.1658389509
32.1658389509
41.3560786512
32.1658389509
32.1658389509
32.1658389509
32.1658389509
32.1658389509
41.3560786512
41.3560786512
32.1658389509
32.1658389509
32.1658389509
41.3560786512
41.3560786512
41.3560786512
41.3560786512
32.1658389509
32.1658389509
32.1658389509
32.1658389509
32.1658389509
32.1658389509
32.1658389509
32.1658389509
41.3560786512
32.1658389509
32.1658389509
32.1658389509
32.1658389509
41.3560786512
41.3560786512
32.1658389509
32.1658389509
32.1658389509
32.1658389509
32.1658389509
32.1658389509
32.1658389509
32.1658389509
41.3560786512
41.3560786512
41.3560786512
41.3560786512
41.3560786512
41.3560786512
41.3560786512
41.3560786512
41.3560786512
41.3560786512
41.3560786512
41.3560786512
41.3560786512
41.3560786512
41.3560786512
41.3560786512
41.3560786512
41.3560786512
41.3560786512
41.3560786512
41.3560786512
41.3560786512
41.3560786512
41.3560786512
41.3560786512
41.3560786512
41.3560786512
41.3560786512
41.3560786512
41.3560786512
41.3560786512
41.3560786512
41.3560786512
41.3560786512
41.3560786512
41.3560786512
41.3560786512
41.3560786512
41.3560786512
41.3560786512
41.3560786512
41.3560786512
41.3560786512
41.3560786512
41.3560786512
41.3560786512
41.3560786512
41.3560786512
41.3560786512
41.3560786512
41.3560786512
41.3560786512
41.3560786512
41.3560786512
41.3560786512
32.1658389509
41.3560786512
41.3560786512
32.1658389509
32.1658389509
41.3560786512
41.3560786512
41.3560786512
41.3560786512
32.1658389509
32.1658389509
41.3560786512
32.1658389509
32.1658389509
32.1658389509
41.3560786512
41.3560786512
41.3560786512
41.3560786512
32.1658389509
22.9755992507
22.9755992507
22.9755992507
22.9755992507
22.9755992507
22.9755992507
22.9755992507
22.9755992507
22.9755992507
22.9755992507
22.9755992507
22.9755992507
22.9755992507
22.9755992507
22.9755992507
22.9755992507
22.9755992507
22.9755992507
22.9755992507
22.9755992507
22.9755992507
22.9755992507
22.9755992507
22.9755992507
22.9755992507
22.9755992507
22.9755992507
22.9755992507
22.9755992507
22.9755992507
22.9755992507
22.9755992507
22.9755992507
22.9755992507
22.9755992507
22.9755992507
22.9755992507
22.9755992507
22.9755992507
22.9755992507
22.9755992507
22.9755992507
22.9755992507
22.9755992507
22.9755992507
22.9755992507
22.9755992507
22.9755992507
22.9755992507
22.9755992507
22.9755992507
22.9755992507
22.9755992507
22.9755992507
22.9755992507
22.9755992507
22.9755992507
22.9755992507
22.9755992507
22.9755992507
22.9755992507
22.9755992507
22.9755992507
22.9755992507
22.9755992507
22.9755992507
22.9755992507
22.9755992507
22.9755992507
22.9755992507
22.9755992507
22.9755992507
22.9755992507
22.9755992507
22.9755992507
22.9755992507
22.9755992507
22.9755992507
22.9755992507
22.9755992507
22.9755992507
22.9755992507
22.9755992507
22.9755992507
22.9755992507
22.9755992507
22.9755992507
22.9755992507
22.9755992507
22.9755992507
22.9755992507
22.9755992507
22.9755992507
22.9755992507
22.9755992507
22.9755992507
22.9755992507
22.9755992507
22.9755992507
22.9755992507
22.9755992507
22.9755992507
22.9755992507
22.9755992507
22.9755992507
22.9755992507
22.9755992507
22.9755992507
22.9755992507
22.9755992507
22.9755992507
22.9755992507
22.9755992507
22.9755992507
22.9755992507
22.9755992507
22.9755992507
22.9755992507
22.9755992507
22.9755992507
22.9755992507
22.9755992507
22.9755992507
22.9755992507
22.9755992507
22.9755992507
22.9755992507
22.9755992507
22.9755992507
22.9755992507
22.9755992507
22.9755992507
22.9755992507
22.9755992507
22.9755992507
22.9755992507
22.9755992507
32.1658389509
32.1658389509
32.1658389509
32.1658389509
32.1658389509
32.1658389509
32.1658389509
32.1658389509
32.1658389509
32.1658389509
32.1658389509
32.1658389509
32.1658389509
32.1658389509
32.1658389509
32.1658389509
32.1658389509
32.1658389509
22.9755992507
32.1658389509
32.1658389509
32.1658389509
32.1658389509
32.1658389509
32.1658389509
32.1658389509
32.1658389509
32.1658389509
32.1658389509
32.1658389509
32.1658389509
32.1658389509
32.1658389509
32.1658389509
32.1658389509
32.1658389509
32.1658389509
32.1658389509
32.1658389509
32.1658389509
32.1658389509
32.1658389509
32.1658389509
32.1658389509
22.9755992507
22.9755992507
22.9755992507
22.9755992507
32.1658389509
22.9755992507
22.9755992507
22.9755992507
22.9755992507
32.1658389509
32.1658389509
22.9755992507
18.3804794005
22.9755992507
22.9755992507
22.9755992507
22.9755992507
22.9755992507
32.1658389509
32.1658389509
32.1658389509
32.1658389509
32.1658389509
32.1658389509
22.9755992507
32.1658389509
32.1658389509
32.1658389509
32.1658389509
32.1658389509
32.1658389509
32.1658389509
32.1658389509
32.1658389509
32.1658389509
32.1658389509
22.9755992507
22.9755992507
22.9755992507
22.9755992507
32.1658389509
32.1658389509
32.1658389509
32.1658389509
22.9755992507
22.9755992507
22.9755992507
32.1658389509
32.1658389509
22.9755992507
22.9755992507
22.9755992507
22.9755992507
22.9755992507
32.1658389509
22.9755992507
22.9755992507
32.1658389509
22.9755992507
22.9755992507
22.9755992507
22.9755992507
18.3804794005
22.9755992507
22.9755992507
32.1658389509
22.9755992507
22.9755992507
32.1658389509
22.9755992507
22.9755992507
22.9755992507
22.9755992507
22.9755992507
22.9755992507
22.9755992507
22.9755992507
22.9755992507
32.1658389509
32.1658389509
32.1658389509
32.1658389509
22.9755992507
22.9755992507
32.1658389509
22.9755992507
22.9755992507
22.9755992507
32.1658389509
32.1658389509
32.1658389509
22.9755992507
22.9755992507
22.9755992507
22.9755992507
22.9755992507
13.7853595504
22.9755992507
22.9755992507
22.9755992507
22.9755992507
22.9755992507
13.7853595504
22.9755992507
22.9755992507
22.9755992507
22.9755992507
22.9755992507
22.9755992507
22.9755992507
22.9755992507
22.9755992507
22.9755992507
22.9755992507
22.9755992507
22.9755992507
22.9755992507
22.9755992507
22.9755992507
22.9755992507
22.9755992507
22.9755992507
22.9755992507
22.9755992507
22.9755992507
22.9755992507
22.9755992507
22.9755992507
22.9755992507
22.9755992507
22.9755992507
22.9755992507
22.9755992507
22.9755992507
22.9755992507
22.9755992507
22.9755992507
22.9755992507
22.9755992507
22.9755992507
22.9755992507
22.9755992507
22.9755992507
22.9755992507
22.9755992507
22.9755992507
22.9755992507
22.9755992507
22.9755992507
22.9755992507
22.9755992507
22.9755992507
22.9755992507
22.9755992507
22.9755992507
22.9755992507
22.9755992507
22.9755992507
22.9755992507
22.9755992507
22.9755992507
22.9755992507
22.9755992507
22.9755992507
22.9755992507
22.9755992507
22.9755992507
22.9755992507
22.9755992507
22.9755992507
22.9755992507
22.9755992507
22.9755992507
22.9755992507
22.9755992507
22.9755992507
22.9755992507
22.9755992507
22.9755992507
22.9755992507
22.9755992507
22.9755992507
22.9755992507
22.9755992507
22.9755992507
22.9755992507
22.9755992507
22.9755992507
22.9755992507
22.9755992507
22.9755992507
22.9755992507
22.9755992507
22.9755992507
22.9755992507
22.9755992507
22.9755992507
22.9755992507
22.9755992507
22.9755992507
22.9755992507
22.9755992507
22.9755992507
22.9755992507
22.9755992507
22.9755992507
22.9755992507
22.9755992507
22.9755992507
13.7853595504
22.9755992507
22.9755992507
22.9755992507
22.9755992507
22.9755992507
22.9755992507
22.9755992507
22.9755992507
22.9755992507
22.9755992507
22.9755992507
22.9755992507
22.9755992507
22.9755992507
22.9755992507
22.9755992507
22.9755992507
22.9755992507
22.9755992507
22.9755992507
59.7365580517
59.7365580517
59.7365580517
59.7365580517
59.7365580517
59.7365580517
59.7365580517
59.7365580517
59.7365580517
59.7365580517
59.7365580517
59.7365580517
59.7365580517
59.7365580517
59.7365580517
59.7365580517
59.7365580517
59.7365580517
59.7365580517
59.7365580517
59.7365580517
59.7365580517
59.7365580517
59.7365580517
59.7365580517
59.7365580517
59.7365580517
59.7365580517
59.7365580517
59.7365580517
59.7365580517
59.7365580517
50.5463183515
50.5463183515
50.5463183515
59.7365580517
59.7365580517
59.7365580517
59.7365580517
50.5463183515
50.5463183515
50.5463183515
50.5463183515
50.5463183515
50.5463183515
50.5463183515
50.5463183515
59.7365580517
50.5463183515
50.5463183515
50.5463183515
50.5463183515
59.7365580517
59.7365580517
50.5463183515
50.5463183515
50.5463183515
50.5463183515
45.9511985013
50.5463183515
50.5463183515
50.5463183515
59.7365580517
59.7365580517
59.7365580517
50.5463183515
59.7365580517
59.7365580517
59.7365580517
59.7365580517
59.7365580517
59.7365580517
59.7365580517
59.7365580517
59.7365580517
59.7365580517
59.7365580517
59.7365580517
59.7365580517
59.7365580517
59.7365580517
59.7365580517
59.7365580517
59.7365580517
59.7365580517
59.7365580517
59.7365580517
59.7365580517
59.7365580517
59.7365580517
59.7365580517
59.7365580517
59.7365580517
50.5463183515
50.5463183515
50.5463183515
50.5463183515
50.5463183515
59.7365580517
50.5463183515
50.5463183515
59.7365580517
50.5463183515
50.5463183515
50.5463183515
50.5463183515
50.5463183515
50.5463183515
50.5463183515
59.7365580517
50.5463183515
50.5463183515
59.7365580517
50.5463183515
50.5463183515
50.5463183515
50.5463183515
50.5463183515
50.5463183515
50.5463183515
50.5463183515
50.5463183515
59.7365580517
59.7365580517
59.7365580517
59.7365580517
50.5463183515
50.5463183515
59.7365580517
50.5463183515
50.5463183515
50.5463183515
59.7365580517
59.7365580517
59.7365580517
50.5463183515
59.7365580517
22.9755992507
13.7853595504
22.9755992507
22.9755992507
22.9755992507
22.9755992507
22.9755992507
22.9755992507
22.9755992507
22.9755992507
22.9755992507
22.9755992507
22.9755992507
22.9755992507
22.9755992507
22.9755992507
22.9755992507
22.9755992507
22.9755992507
22.9755992507
22.9755992507
22.9755992507
22.9755992507
22.9755992507
22.9755992507
22.9755992507
22.9755992507
22.9755992507
22.9755992507
22.9755992507
22.9755992507
22.9755992507
22.9755992507
22.9755992507
22.9755992507
22.9755992507
22.9755992507
22.9755992507
22.9755992507
22.9755992507
22.9755992507
22.9755992507
22.9755992507
22.9755992507
22.9755992507
22.9755992507
22.9755992507
22.9755992507
22.9755992507
22.9755992507
22.9755992507
22.9755992507
22.9755992507
22.9755992507
22.9755992507
22.9755992507
22.9755992507
22.9755992507
22.9755992507
22.9755992507
22.9755992507
22.9755992507
22.9755992507
22.9755992507
22.9755992507
22.9755992507
22.9755992507
22.9755992507
22.9755992507
22.9755992507
22.9755992507
22.9755992507
22.9755992507
22.9755992507
22.9755992507
22.9755992507
22.9755992507
22.9755992507
22.9755992507
22.9755992507
22.9755992507
22.9755992507
22.9755992507
22.9755992507
22.9755992507
22.9755992507
22.9755992507
22.9755992507
22.9755992507
22.9755992507
22.9755992507
22.9755992507
22.9755992507
22.9755992507
22.9755992507
22.9755992507
22.9755992507
22.9755992507
22.9755992507
22.9755992507
22.9755992507
22.9755992507
22.9755992507
22.9755992507
22.9755992507
22.9755992507
22.9755992507
22.9755992507
22.9755992507
22.9755992507
22.9755992507
22.9755992507
22.9755992507
22.9755992507
22.9755992507
22.9755992507
22.9755992507
22.9755992507
22.9755992507
22.9755992507
22.9755992507
22.9755992507
22.9755992507
22.9755992507
22.9755992507
22.9755992507
22.9755992507
22.9755992507
22.9755992507
22.9755992507
22.9755992507
22.9755992507
13.7853595504
22.9755992507
22.9755992507
22.9755992507
22.9755992507
36.7609588011
36.7609588011
36.7609588011
36.7609588011
36.7609588011
36.7609588011
36.7609588011
36.7609588011
36.7609588011
36.7609588011
36.7609588011
36.7609588011
36.7609588011
36.7609588011
36.7609588011
36.7609588011
36.7609588011
36.7609588011
36.7609588011
36.7609588011
36.7609588011
36.7609588011
36.7609588011
36.7609588011
36.7609588011
36.7609588011
36.7609588011
36.7609588011
36.7609588011
36.7609588011
36.7609588011
36.7609588011
36.7609588011
36.7609588011
36.7609588011
36.7609588011
36.7609588011
36.7609588011
36.7609588011
36.7609588011
36.7609588011
36.7609588011
36.7609588011
36.7609588011
36.7609588011
36.7609588011
36.7609588011
36.7609588011
36.7609588011
36.7609588011
36.7609588011
36.7609588011
36.7609588011
36.7609588011
36.7609588011
36.7609588011
36.7609588011
36.7609588011
36.7609588011
36.7609588011
36.7609588011
36.7609588011
36.7609588011
36.7609588011
36.7609588011
32.1658389509
32.1658389509
32.1658389509
32.1658389509
32.1658389509
32.1658389509
32.1658389509
32.1658389509
32.1658389509
32.1658389509
32.1658389509
32.1658389509
32.1658389509
32.1658389509
32.1658389509
32.1658389509
32.1658389509
32.1658389509
32.1658389509
32.1658389509
32.1658389509
32.1658389509
32.1658389509
32.1658389509
32.1658389509
32.1658389509
32.1658389509
32.1658389509
32.1658389509
32.1658389509
32.1658389509
32.1658389509
32.1658389509
32.1658389509
32.1658389509
32.1658389509
32.1658389509
32.1658389509
32.1658389509
32.1658389509
32.1658389509
32.1658389509
32.1658389509
32.1658389509
32.1658389509
32.1658389509
32.1658389509
32.1658389509
32.1658389509
32.1658389509
32.1658389509
32.1658389509
32.1658389509
32.1658389509
32.1658389509
32.1658389509
32.1658389509
32.1658389509
32.1658389509
32.1658389509
32.1658389509
32.1658389509
32.1658389509
32.1658389509
32.1658389509
32.1658389509
32.1658389509
32.1658389509
32.1658389509
32.1658389509
32.1658389509
32.1658389509
27.5707191008
27.5707191008
27.5707191008
27.5707191008
27.5707191008
27.5707191008
27.5707191008
27.5707191008
27.5707191008
27.5707191008
27.5707191008
27.5707191008
27.5707191008
27.5707191008
27.5707191008
27.5707191008
27.5707191008
27.5707191008
27.5707191008
27.5707191008
27.5707191008
27.5707191008
27.5707191008
27.5707191008
27.5707191008
27.5707191008
27.5707191008
27.5707191008
27.5707191008
27.5707191008
27.5707191008
27.5707191008
27.5707191008
27.5707191008
27.5707191008
27.5707191008
27.5707191008
27.5707191008
27.5707191008
27.5707191008
27.5707191008
27.5707191008
27.5707191008
27.5707191008
27.5707191008
27.5707191008
27.5707191008
27.5707191008
27.5707191008
27.5707191008
27.5707191008
27.5707191008
27.5707191008
27.5707191008
27.5707191008
27.5707191008
27.5707191008
27.5707191008
27.5707191008
27.5707191008
27.5707191008
27.5707191008
27.5707191008
27.5707191008
27.5707191008
27.5707191008
27.5707191008
27.5707191008
27.5707191008
27.5707191008
27.5707191008
27.5707191008
27.5707191008
27.5707191008
27.5707191008
27.5707191008
27.5707191008
27.5707191008
27.5707191008
27.5707191008
27.5707191008
27.5707191008
27.5707191008
27.5707191008
27.5707191008
27.5707191008
27.5707191008
27.5707191008
27.5707191008
27.5707191008
27.5707191008
27.5707191008
27.5707191008
27.5707191008
27.5707191008
27.5707191008
27.5707191008
27.5707191008
27.5707191008
27.5707191008
27.5707191008
27.5707191008
27.5707191008
27.5707191008
27.5707191008
27.5707191008
27.5707191008
27.5707191008
27.5707191008
27.5707191008
27.5707191008
27.5707191008
27.5707191008
27.5707191008
27.5707191008
27.5707191008
27.5707191008
27.5707191008
27.5707191008
27.5707191008
27.5707191008
27.5707191008
27.5707191008
27.5707191008
27.5707191008
27.5707191008
27.5707191008
27.5707191008
27.5707191008
27.5707191008
27.5707191008
27.5707191008
27.5707191008
27.5707191008
27.5707191008
27.5707191008
27.5707191008
36.7609588011
36.7609588011
36.7609588011
36.7609588011
36.7609588011
36.7609588011
36.7609588011
36.7609588011
36.7609588011
36.7609588011
36.7609588011
36.7609588011
36.7609588011
36.7609588011
36.7609588011
36.7609588011
36.7609588011
36.7609588011
36.7609588011
36.7609588011
36.7609588011
36.7609588011
36.7609588011
36.7609588011
36.7609588011
36.7609588011
36.7609588011
36.7609588011
36.7609588011
36.7609588011
36.7609588011
36.7609588011
36.7609588011
36.7609588011
36.7609588011
36.7609588011
36.7609588011
36.7609588011
36.7609588011
36.7609588011
36.7609588011
36.7609588011
36.7609588011
36.7609588011
36.7609588011
36.7609588011
36.7609588011
36.7609588011
36.7609588011
36.7609588011
36.7609588011
36.7609588011
36.7609588011
36.7609588011
36.7609588011
36.7609588011
36.7609588011
36.7609588011
36.7609588011
36.7609588011
36.7609588011
36.7609588011
27.5707191008
27.5707191008
27.5707191008
27.5707191008
27.5707191008
27.5707191008
27.5707191008
27.5707191008
36.7609588011
36.7609588011
27.5707191008
27.5707191008
27.5707191008
27.5707191008
36.7609588011
27.5707191008
27.5707191008
27.5707191008
27.5707191008
27.5707191008
27.5707191008
27.5707191008
27.5707191008
36.7609588011
36.7609588011
36.7609588011
36.7609588011
27.5707191008
27.5707191008
27.5707191008
36.7609588011
36.7609588011
27.5707191008
27.5707191008
27.5707191008
27.5707191008
27.5707191008
36.7609588011
27.5707191008
27.5707191008
36.7609588011
27.5707191008
27.5707191008
27.5707191008
27.5707191008
27.5707191008
27.5707191008
27.5707191008
36.7609588011
27.5707191008
27.5707191008
36.7609588011
27.5707191008
27.5707191008
27.5707191008
27.5707191008
27.5707191008
27.5707191008
27.5707191008
27.5707191008
27.5707191008
36.7609588011
36.7609588011
36.7609588011
36.7609588011
27.5707191008
27.5707191008
36.7609588011
27.5707191008
27.5707191008
27.5707191008
36.7609588011
36.7609588011
36.7609588011
27.5707191008
32.1658389509
32.1658389509
32.1658389509
32.1658389509
32.1658389509
32.1658389509
32.1658389509
32.1658389509
22.9755992507
32.1658389509
32.1658389509
32.1658389509
32.1658389509
32.1658389509
32.1658389509
32.1658389509
32.1658389509
32.1658389509
32.1658389509
32.1658389509
32.1658389509
32.1658389509
32.1658389509
32.1658389509
32.1658389509
32.1658389509
32.1658389509
32.1658389509
32.1658389509
32.1658389509
32.1658389509
32.1658389509
32.1658389509
32.1658389509
32.1658389509
32.1658389509
32.1658389509
32.1658389509
32.1658389509
32.1658389509
32.1658389509
32.1658389509
32.1658389509
32.1658389509
32.1658389509
32.1658389509
32.1658389509
32.1658389509
32.1658389509
32.1658389509
32.1658389509
32.1658389509
32.1658389509
32.1658389509
32.1658389509
32.1658389509
32.1658389509
32.1658389509
32.1658389509
32.1658389509
32.1658389509
32.1658389509
32.1658389509
32.1658389509
32.1658389509
32.1658389509
32.1658389509
32.1658389509
32.1658389509
32.1658389509
32.1658389509
32.1658389509
32.1658389509
32.1658389509
32.1658389509
32.1658389509
32.1658389509
32.1658389509
32.1658389509
22.9755992507
32.1658389509
32.1658389509
32.1658389509
32.1658389509
32.1658389509
32.1658389509
32.1658389509
32.1658389509
32.1658389509
32.1658389509
32.1658389509
32.1658389509
32.1658389509
32.1658389509
32.1658389509
32.1658389509
32.1658389509
32.1658389509
32.1658389509
32.1658389509
32.1658389509
32.1658389509
32.1658389509
32.1658389509
32.1658389509
32.1658389509
32.1658389509
32.1658389509
32.1658389509
32.1658389509
32.1658389509
32.1658389509
32.1658389509
32.1658389509
32.1658389509
32.1658389509
22.9755992507
32.1658389509
32.1658389509
32.1658389509
32.1658389509
32.1658389509
32.1658389509
32.1658389509
32.1658389509
32.1658389509
32.1658389509
32.1658389509
32.1658389509
32.1658389509
32.1658389509
32.1658389509
32.1658389509
32.1658389509
32.1658389509
32.1658389509
32.1658389509
73.5219176022
73.5219176022
73.5219176022
73.5219176022
73.5219176022
73.5219176022
73.5219176022
73.5219176022
73.5219176022
73.5219176022
64.3316779019
73.5219176022
73.5219176022
73.5219176022
73.5219176022
64.3316779019
64.3316779019
64.3316779019
64.3316779019
64.3316779019
64.3316779019
64.3316779019
64.3316779019
64.3316779019
64.3316779019
64.3316779019
64.3316779019
64.3316779019
64.3316779019
64.3316779019
64.3316779019
64.3316779019
64.3316779019
64.3316779019
64.3316779019
64.3316779019
64.3316779019
64.3316779019
73.5219176022
64.3316779019
64.3316779019
64.3316779019
64.3316779019
73.5219176022
64.3316779019
64.3316779019
64.3316779019
64.3316779019
64.3316779019
73.5219176022
64.3316779019
64.3316779019
73.5219176022
73.5219176022
73.5219176022
73.5219176022
73.5219176022
73.5219176022
73.5219176022
73.5219176022
73.5219176022
64.3316779019
73.5219176022
73.5219176022
73.5219176022
73.5219176022
73.5219176022
73.5219176022
73.5219176022
73.5219176022
73.5219176022
73.5219176022
73.5219176022
73.5219176022
73.5219176022
73.5219176022
73.5219176022
73.5219176022
73.5219176022
73.5219176022
73.5219176022
73.5219176022
73.5219176022
73.5219176022
73.5219176022
73.5219176022
73.5219176022
73.5219176022
73.5219176022
73.5219176022
73.5219176022
73.5219176022
73.5219176022
73.5219176022
73.5219176022
73.5219176022
73.5219176022
73.5219176022
73.5219176022
73.5219176022
73.5219176022
73.5219176022
73.5219176022
73.5219176022
73.5219176022
73.5219176022
73.5219176022
73.5219176022
73.5219176022
73.5219176022
73.5219176022
73.5219176022
73.5219176022
73.5219176022
73.5219176022
73.5219176022
73.5219176022
73.5219176022
73.5219176022
73.5219176022
73.5219176022
73.5219176022
73.5219176022
73.5219176022
73.5219176022
73.5219176022
73.5219176022
73.5219176022
73.5219176022
73.5219176022
73.5219176022
73.5219176022
73.5219176022
73.5219176022
73.5219176022
73.5219176022
73.5219176022
